$ 1 0.000005 0.8729138363720133 50 5 43 5e-11
a -96 96 0 96 9 15 -15 1000000 -0.4163348587490932 -0.4163931854462682 100000
r 0 96 64 96 0 100
r -96 160 0 160 0 10000
r -160 112 -96 112 0 10000
r -96 32 -32 32 0 10000
d -160 32 -96 32 2 default
d -96 80 -160 80 2 default
l 64 96 128 96 0 0.0047 0.00010172217380757743 0
c 128 96 128 160 4 1.0000000000000001e-7 -5.785263699970615 0.001 0
g 128 160 128 192 0 0
w 0 96 0 160 0
w -96 112 -96 160 0
w -96 80 -96 32 0
w -32 32 128 32 0
w 128 32 128 96 0
w -160 80 -160 32 0
w -160 32 -208 32 0
g -208 32 -208 48 0 0
R -160 112 -208 112 0 2 1000 5 0 0 0.5
o 8 1 0 4099 20 0.05 0 1
