0	-1.5	0
2.09323869292465e-07	-1.49999999999474	5.02377234408501e-05
4.1864773858493e-07	-1.49999999997897	0.000100475436502255
6.27971607877395e-07	-1.49999999995268	0.000150713139183074
8.3729547716986e-07	-1.49999999991587	0.000200950831482162
1.88391482363218e-06	-1.4999999995741	0.000452139137211675
2.93053417009451e-06	-1.49999999896944	0.000703327183226576
3.97715351655683e-06	-1.49999999810187	0.000954514969384058
5.02377286301916e-06	-1.49999999697141	0.00120570249554131
1.02568695953308e-05	-1.49999998737564	0.00246163622132591
1.54899663276424e-05	-1.49999997120746	0.00371756342568379
2.0723063059954e-05	-1.49999994846691	0.00497348409076425
2.59561597922657e-05	-1.49999991915402	0.00622939819871683
5.21216434538238e-05	-1.49999967400574	0.0125088697568079
7.82871271153819e-05	-1.49999926455422	0.0187881747092373
0.00010445261077694	-1.49999869080386	0.0250673108249099
0.000130618094438498	-1.49999795275909	0.0313462758728542
0.000261445512746289	-1.49999179827898	0.0627384570228445
0.000392272931054079	-1.49998153713946	0.0941260269072996
0.00052310034936187	-1.49996716996204	0.125508706806991
0.000653927767669661	-1.49994869740469	0.156886218099007
0.00130806485920861	-1.49979477948833	0.31368650518928
0.00196220195074757	-1.49953834671803	0.470315846222938
0.00261633904228652	-1.49917952225701	0.626739562420268
0.00327047613382547	-1.49871845190628	0.782923094343847
0.00654116159152024	-1.4948860746089	1.55905055978192
0.009811847049215	-1.48853234059103	2.32408127687708
0.0130825325069098	-1.4797000553745	3.07395050343783
0.0163532179646045	-1.46844508347836	3.80483820325947
0.0239169616672249	-1.43352997472635	5.4036961489621
0.0314807053698452	-1.38710722356923	6.84580437887431
0.0390444490724656	-1.33044565663914	8.10544360232656
0.0466081927750859	-1.26497600321093	9.16957448390246
0.0560705055576328	-1.17297993764469	10.2240367630096
0.0655328183401796	-1.07241570073583	10.9882516961994
0.0749951311227264	-0.965862460921866	11.4945834139125
0.0844574439052732	-0.855551885708802	11.7869945265973
0.0958344965840629	-0.720499132180813	11.9243666107285
0.107211549262853	-0.584852091748064	11.8993194609356
0.118588601941642	-0.450080147271954	11.7782958446631
0.129965654620432	-0.316994449074774	11.6143216949386
0.146250313671437	-0.129878625909688	11.3780148219393
0.162534972722443	0.0538437533530198	11.1889094652191
0.178819631773448	0.234968109537896	11.0565134625658
0.195104290824454	0.414059529390899	10.9431661945092
0.213025406929681	0.608679982898485	10.7467339179757
0.230946523034909	0.797822212911534	10.3059737756635
0.248867639140136	0.975445499157377	9.43595332384074
0.266788755245363	1.13243808096349	7.9722833717432
0.278685325004293	1.21964949117755	6.61487747454446
0.290581894763223	1.28886103591369	4.96585237211709
0.302478464522153	1.33679746226326	3.07826242882258
0.314375034281083	1.36129058417182	1.03605559976942
0.326271604040013	1.36125843512201	-1.04764315815643
0.338168173798943	1.33687455068717	-3.04313672744194
0.350064743557873	1.28969306331933	-4.84166225157431
0.361961313316803	1.222613125777	-6.36540825083623
0.372582997790402	1.14896747239708	-7.45742607070463
0.383204682264	1.06511934261472	-8.29197125683746
0.393826366737599	0.973706331877955	-8.88330815461948
0.404448051211198	0.877150600794839	-9.26157836277765
0.416370928705113	0.765236397467383	-9.48156090257249
0.428293806199028	0.651717434551474	-9.53779995239862
0.440216683692942	0.538232456627111	-9.48224334423561
0.452139561186857	0.425856563793462	-9.36048321940206
0.468149574129413	0.2776369489535	-9.15600012684716
0.484159587071968	0.132653804558908	-8.95635362474291
0.500169600014524	-0.00941237416456309	-8.7947984518049
0.516179612957079	-0.149212668642606	-8.6800225682958
0.536146367690495	-0.321390457109443	-8.58071954498714
0.556113122423912	-0.491657717451937	-8.46272927673203
0.576079877157328	-0.658596746811117	-8.21839855355503
0.596046631890744	-0.818184255158698	-7.70877673554821
0.612715531297118	-0.941233144273355	-6.97058455814075
0.629384430703492	-1.04891114851235	-5.87972349034114
0.646053330109866	-1.13505305099796	-4.42210334321453
0.66272222951624	-1.19422337608798	-2.64295472742285
0.675668092619059	-1.21867645974152	-1.10902666261772
0.688613955721879	-1.22292101940232	0.463682076011583
0.701559818824698	-1.20689629387563	1.98852187002782
0.714505681927518	-1.1718285692874	3.3878544750946
0.727451545030337	-1.11991057308616	4.59722214523161
0.740397408133157	-1.05382736754729	5.5786245753534
0.753343271235976	-0.976560422720816	6.31929652173992
0.766289134338796	-0.891159736914457	6.83104381893553
0.778982655664386	-0.802310529648777	7.13966880707212
0.791676176989977	-0.710577272657282	7.29124692597533
0.804369698315567	-0.617716634613299	7.32219380525176
0.817063219641158	-0.525038781043633	7.26838226449148
0.83316785836898	-0.409058121739636	7.12806776220484
0.849272497096802	-0.295648736929929	6.95202883361404
0.865377135824624	-0.185101051741188	6.77645564553082
0.881481774552446	-0.077246220619133	6.62414757718718
0.904216091163604	0.0713395454640153	6.46759824203937
0.926950407774761	0.217244236801181	6.3750640099397
0.949684724385918	0.361537151338653	6.3116746092172
0.972419040997075	0.504036658247115	6.21217385619467
0.996725134820112	0.652737465192248	5.96741859482512
1.02103122864315	0.792010096618487	5.43642213555253
1.04533732246619	0.913508431532447	4.50877136807536
1.06964341628922	1.00744304405979	3.14854306549064
1.08514824786316	1.04821870782679	2.07632281951006
1.10065307943711	1.07148973071242	0.904939141152861
1.11615791101105	1.07610090225545	-0.299868855391298
1.13166274258499	1.06219814847544	-1.46959289471453
1.14716757415893	1.03098420966249	-2.53583706768932
1.16267240573287	0.98444683555951	-3.44507637867471
1.17817723730681	0.92518210120088	-4.16667082721062
1.19368206888075	0.856181791587692	-4.69349878034593
1.20785557927436	0.787205398927988	-5.01576993822355
1.22202908966796	0.714633116815816	-5.20519888565824
1.23620260006157	0.64017762577014	-5.28488931206096
1.25037611045518	0.5652148035838	-5.28041821883526
1.26751520669148	0.475337322921842	-5.19813727576165
1.28465430292778	0.387333633899637	-5.06485212910879
1.30179339916409	0.301828083056239	-4.90968055818944
1.31893249540039	0.219026357137607	-4.75438815631782
1.34425158911049	0.101317029665588	-4.55455121415442
1.3695706828206	-0.012059524784504	-4.4092643444302
1.39488977653071	-0.122526170345547	-4.32319943716122
1.42020887024081	-0.231398582203401	-4.28479223652021
1.44823945310058	-0.351159939213193	-4.26576165488224
1.47627003596034	-0.470143784944797	-4.21434183187304
1.5043006188201	-0.586477394079228	-4.0576138314806
1.53233120167986	-0.695970629510492	-3.71369313956333
1.55510331576673	-0.775738594157889	-3.24182686698946
1.5778754298536	-0.842465056953735	-2.58028615646478
1.60064754394047	-0.891820122830468	-1.74369213433487
1.62341965802734	-0.920580990158764	-0.775785424948621
1.64077677640538	-0.927333446340974	0.00343722182674167
1.65813389478341	-0.920637024370049	0.76762506183585
1.67549101316144	-0.901031232088648	1.47608973818484
1.69284813153948	-0.869820904337605	2.09633408016756
1.71020524991751	-0.828840626371276	2.6056193012687
1.72756236829554	-0.78008516877689	2.99436940823037
1.74491948667358	-0.725613307036153	3.26360319854821
1.76227660505161	-0.66740337315466	3.42451065461764
1.77965028609776	-0.60718033994957	3.4949237267832
1.79702396714391	-0.546388610683023	3.49276174535625
1.81439764819005	-0.48612640519558	3.43650225582609
1.8317713292362	-0.427186919160966	3.34356223287982
1.85413030023982	-0.354072951129556	3.19401784184741
1.87648927124343	-0.28445875504143	3.03205454674072
1.89884824224705	-0.218427502930334	2.87512466586951
1.92120721325067	-0.155752290917783	2.7349355906231
1.95384298513777	-0.0693004611429387	2.57360924579975
1.98647875702487	0.0128629586748482	2.47045061077599
2.01911452891197	0.0926139424781007	2.42488176383464
2.05175030079907	0.171686965566903	2.42913900668784
2.09333475285615	0.273383957665807	2.48204577327059
2.13491920491323	0.377881882290612	2.5444844307032
2.17650365697031	0.484354145621545	2.54743479844716
2.21808810902739	0.588000473835247	2.39608422020251
2.24546019031091	0.650823717702283	2.16346614295512
2.27283227159442	0.705524415229945	1.80880812625886
2.30020435287793	0.748670984952131	1.33429200588476
2.32757643416144	0.777451223444747	0.760428702201221
2.34772181878734	0.788176983446218	0.298144089686805
2.36786720341324	0.789484693512188	-0.170400664338607
2.38801258803913	0.78143873852158	-0.621284478151938
2.40815797266503	0.764651974989772	-1.03327708925496
2.42830335729093	0.740146633153023	-1.38887864315062
2.44844874191683	0.709162467387664	-1.67694656583643
2.46859412654273	0.673087819228046	-1.89275557935447
2.48873951116862	0.633361490317222	-2.03818167158666
2.50876382564468	0.591632316886199	-2.11980805529913
2.52878814012073	0.548827604941397	-2.14737022386513
2.54881245459679	0.505929400833192	-2.13079929692295
2.56883676907284	0.463716292353974	-2.08056540911362
2.59349070873253	0.413526631071963	-1.98702246100121
2.61814464839222	0.365924636004796	-1.87190587778947
2.64279858805191	0.321295946385345	-1.74699477916554
2.6674525277116	0.279782945749885	-1.62118141930105
2.70201382761989	0.22668302591808	-1.45450653051076
2.73657512752819	0.17901487362674	-1.30699424068287
2.77113642743648	0.136046609200007	-1.18339882366247
2.80569772734477	0.0969278479389337	-1.08523399293009
2.85121834373319	0.049736266618399	-0.993067345579397
2.8967389601216	0.00583841924080521	-0.940263008198685
2.94225957651001	-0.036411772316094	-0.923177098467867
2.98778019289843	-0.0786068690368795	-0.937707506322427
3.03330080928684	-0.122124609482863	-0.97996386533818
3.07882142567525	-0.168169042968068	-1.04694377367315
3.12434204206367	-0.217754721560257	-1.1331542510958
3.16986265845208	-0.271526414403688	-1.2299301223986
3.21681579144725	-0.331576219326848	-1.3275125178153
3.26376892444241	-0.395749873241161	-1.39922359586579
3.31072205743758	-0.462122308949175	-1.41430411067787
3.35767519043275	-0.527156934253533	-1.3371626296637
3.38829499730437	-0.566527390158002	-1.22028611650475
3.41891480417599	-0.601393843522636	-1.04563246067218
3.44953461104762	-0.629962199792174	-0.815523437213034
3.48015441791924	-0.650761421130193	-0.539032534584427
3.50229018976217	-0.660296143442251	-0.319361449378194
3.52442596160511	-0.664876863218778	-0.0931737287033205
3.54656173344804	-0.664442517686354	0.130284803915585
3.56869750529098	-0.659169916553704	0.342130570209547
3.59083327713391	-0.649427384146101	0.53422237183267
3.61296904897684	-0.635721362011673	0.699940563567999
3.63510482081978	-0.618676413426957	0.834794658451547
3.65724059266271	-0.598999999497721	0.936746273079115
3.68009326444336	-0.576714286716269	1.00758648996554
3.70294593622401	-0.553198769124053	1.04515652621002
3.72579860800466	-0.529179604027805	1.05248278192058
3.74865127978531	-0.505296537453984	1.03372470772504
3.77581032043676	-0.477836745479804	0.983924726606974
3.80296936108821	-0.452058650562902	0.910849668080961
3.83012840173966	-0.428509632580999	0.821027570188325
3.8572874423911	-0.407564234675536	0.720273944450044
3.89518642271781	-0.383092825088766	0.570135868128558
3.93308540304452	-0.364388439567444	0.416482270683516
3.97098438337123	-0.351477462713043	0.265421850420646
4.00888336369794	-0.34419236431989	0.12075473341904
4.06432713246571	-0.343032723679093	-0.0754188196345275
4.11977090123348	-0.352197934187	-0.25089635052958
4.17521467000125	-0.370431114774403	-0.402619326855978
4.23065843876902	-0.396291668155095	-0.52572385094836
4.26741217677549	-0.416822908588856	-0.588207241627334
4.30416591478197	-0.439312651835664	-0.631838195831829
4.34091965278845	-0.462994256532828	-0.65318010646866
4.37767339079492	-0.486997582216965	-0.648866370466104
4.4144271288014	-0.510371847882625	-0.616030103772202
4.45118086680787	-0.531971714162152	-0.553471396645327
4.48793460481435	-0.550690750406037	-0.462378935920188
4.52468834282082	-0.565600088208374	-0.34661117566462
4.55190326529176	-0.573731101294525	-0.248871383615738
4.5791181877627	-0.579111121284204	-0.145323574472634
4.60633311023364	-0.581627161129021	-0.0402536119156329
4.63354803270458	-0.581309637827194	0.0620363650087976
4.66076295517552	-0.578305342710023	0.157397408270992
4.68797787764646	-0.572846991417379	0.242079168600522
4.7151928001174	-0.565256895968179	0.313204773758203
4.74240772258834	-0.555931309078541	0.369016785095565
4.76818801691046	-0.545893624090029	0.407069720408969
4.79396831123258	-0.53506430666616	0.430685648142924
4.8197486055547	-0.523808488677695	0.440477220161571
4.84552889987682	-0.512464114724673	0.437652123439419
4.87624978393202	-0.499248873002134	0.42001471744872
4.90697066798721	-0.486782201257214	0.389459152840114
4.93769155204241	-0.47542285387018	0.348843924933362
4.96841243609761	-0.465430058112356	0.301032763685955
5.00595131981325	-0.455317923222089	0.236591883124725
5.04349020352889	-0.447691478748826	0.169057976521288
5.08102908724454	-0.442619960462537	0.101595618157395
5.11856797096018	-0.440046733740507	0.0366134154669215
5.15610685467582	-0.439827627026528	-0.024184270432181
5.19364573839147	-0.441789626761714	-0.0794685966402894
5.23118462210711	-0.445710084580143	-0.128212317646829
5.26872350582276	-0.451328554856331	-0.169723000554424
5.30389829469785	-0.457881968345382	-0.201619265602107
5.33907308357295	-0.465429759352911	-0.226245814040417
5.37424787244805	-0.473707770791024	-0.243218279102797
5.40942266132315	-0.482444652193544	-0.25228489405496
5.45186006407808	-0.493211963600817	-0.252533370806808
5.49429746683302	-0.503732501809435	-0.240999348373212
5.53673486958796	-0.513501330941641	-0.218105864341142
5.5791722723429	-0.522077796677099	-0.18496583540514
5.6144430254427	-0.528024690402105	-0.150843501600337
5.64971377854251	-0.532681085369871	-0.112188395240439
5.68498453164231	-0.535903494755213	-0.0705924516508005
5.72025528474211	-0.53763015113064	-0.0277459507208849
5.74834726181005	-0.537933588841908	0.00611224374616386
5.77643923887798	-0.537300961450844	0.0387684780017984
5.80453121594591	-0.535774847849624	0.0694200894818454
5.83262319301384	-0.533422725390892	0.0974089440153561
5.86071517008177	-0.530329827097373	0.122208912616445
5.88880714714971	-0.526591008582541	0.143380003986763
5.91689912421764	-0.522311659957841	0.160630899242298
5.94499110128557	-0.517603578037825	0.173842562780003
5.97686851973833	-0.51188561756372	0.183960246538328
6.00874593819109	-0.50592748174463	0.188988916451575
6.04062335664385	-0.499889051037716	0.189146685400055
6.07250077509662	-0.493918497111135	0.184775068481247
6.11107426874366	-0.486976220577692	0.173988994027868
6.1496477623907	-0.480558363877935	0.157735882431255
6.18822125603774	-0.474870026081899	0.136614077793607
6.22679474968479	-0.470081505605958	0.111230418477933
6.26316425673848	-0.466520062805905	0.0838885104235801
6.29953376379217	-0.464008045424039	0.0536685911108107
6.33590327084587	-0.462645331484743	0.0210884674294276
6.37227277789956	-0.462501929632657	-0.0132562440495289
6.40864228495326	-0.463621988313421	-0.0486753637457395
6.44501179200695	-0.466037692969642	-0.0842352997075827
6.48138129906064	-0.469738015818541	-0.118796865924624
6.51775080611434	-0.474657675893256	-0.151060751557745
6.55301952972921	-0.480486222669116	-0.178781940961437
6.58828825334408	-0.487206646245827	-0.201397407060054
6.62355697695895	-0.494613007526203	-0.21734453820433
6.65882570057382	-0.502444335868905	-0.225215515616171
6.69644286444537	-0.510926861463686	-0.223358200251249
6.73406002831691	-0.51911525859919	-0.209813074042018
6.77167719218846	-0.526555163394863	-0.184217266158625
6.80929435606001	-0.532816876931019	-0.147154931517199
6.84180397035668	-0.53697511911253	-0.106998833601969
6.87431358465335	-0.53972397515716	-0.0609428341305815
6.90682319895002	-0.540893698031709	-0.0109621646070832
6.9393328132467	-0.540404152063283	0.0407107087991513
6.97184242754337	-0.538250781781006	0.0916875745002353
7.00435204184004	-0.534485894150063	0.139514421305747
7.03686165613671	-0.529239864893939	0.182000548059981
7.06937127043338	-0.522720415365542	0.217399774162531
7.09935761564878	-0.515802801098816	0.242628486922033
7.12934396086418	-0.508247317133335	0.259967438714414
7.15933030607957	-0.50029645855048	0.269022718222745
7.18931665129497	-0.492197428248568	0.269774064928281
7.22388394704894	-0.482994359743245	0.260684698270746
7.25845124280291	-0.474284437513761	0.241499410833778
7.29301853855687	-0.466406217683122	0.213092374355353
7.32758583431084	-0.459652537521875	0.176618606778035
7.36395615332848	-0.45403223125452	0.130929740543464
7.40032647234613	-0.45019099834227	0.0791782960800494
7.43669679136378	-0.448326937757124	0.0230358713657906
7.47306711038143	-0.448557608946002	-0.0356633846488257
7.50943742939907	-0.450928838183145	-0.0949713337145403
7.54580774841672	-0.455436505942313	-0.152638127186358
7.58217806743437	-0.46198234920695	-0.206165489488344
7.61854838645201	-0.470360772801911	-0.252935614641254
7.65407837171203	-0.480031081593695	-0.289508841268088
7.68960835697204	-0.490795822200381	-0.3142905259843
7.72513834223206	-0.502192700575875	-0.324861813724218
7.76066832749207	-0.513688207510218	-0.319425435626433
7.79911885221758	-0.525578938026102	-0.294252685079718
7.8375693769431	-0.536099541241353	-0.249107397385687
7.87601990166861	-0.544491878125062	-0.185812443602423
7.91447042639412	-0.550161831827862	-0.107975866066294
7.94447307711874	-0.552406909761337	-0.040503745683394
7.97447572784335	-0.552581391766572	0.0294335736826498
8.00447837856797	-0.550649185356199	0.0986041901888259
8.03448102929258	-0.546689329531633	0.163937225774026
8.0644836800172	-0.540870930220231	0.222624936920473
8.09448633074181	-0.53342516173177	0.272258130347531
8.12448898146642	-0.524646031401065	0.311059834814132
8.15449163219104	-0.514874902753835	0.338020163916417
8.18481603196057	-0.504364666099823	0.352875030571115
8.2151404317301	-0.493595141666837	0.355334698350194
8.24546483149963	-0.482936143076029	0.345926423948607
8.27578923126916	-0.472729232041709	0.325614897675186
8.31230128868751	-0.4614721475166	0.288410528544259
8.34881334610586	-0.451801598488897	0.23920349152619
8.38532540352421	-0.444124464122508	0.18021862515128
8.42183746094256	-0.438744199398721	0.113840045771378
8.45743280891905	-0.435913296804407	0.0442312116715183
8.49302815689554	-0.435617593532551	-0.0281176843593526
8.52862350487202	-0.437920878950318	-0.100894138717003
8.56421885284851	-0.442786690063829	-0.171647613723622
8.599814200825	-0.450088939959543	-0.237779306226793
8.63540954880149	-0.45961815993373	-0.29622211729259
8.67100489677798	-0.471047561518465	-0.343774337472236
8.70660024475446	-0.483930271555198	-0.377307320592279
8.74427777201976	-0.498548157420374	-0.394261202015601
8.78195529928505	-0.513381574988407	-0.388992177082629
8.81963282655034	-0.527547333635454	-0.359675903058084
8.85731035381564	-0.540161107858168	-0.30635564381954
8.8900401227418	-0.549197023951811	-0.242049922301146
8.92276989166796	-0.555887618045038	-0.164109892737993
8.95549966059412	-0.559831009438033	-0.0765720463942643
8.98822942952028	-0.560815987147544	0.0157949591804731
9.02095919844644	-0.558794954795582	0.107694251233991
9.0536889673726	-0.553852027675362	0.193659578802427
9.08641873629876	-0.546240183056738	0.269004031954448
9.11914850522492	-0.536377222821421	0.330220620291686
9.14729704518524	-0.526493448463776	0.369761030010594
9.17544558514557	-0.515681454407895	0.396289659400755
9.20359412510589	-0.504310341156891	0.409605178732296
9.23174266506622	-0.492743598487935	0.41013838787496
9.26422737123171	-0.479603953367444	0.396020073699212
9.2967120773972	-0.467162008220576	0.367598179904103
9.3291967835627	-0.455857503247481	0.326714564321359
9.36168148972819	-0.44605541855521	0.275449760692504
9.40771491855541	-0.435279256013836	0.189031325972649
9.45374834738262	-0.42877953477217	0.0908963068561622
9.49978177620984	-0.427013914744788	-0.0137567127561207
9.54581520503705	-0.430112324118037	-0.11930027106101
9.58380528288302	-0.43624447653653	-0.203072781222484
9.62179536072899	-0.445445532214697	-0.280095555522612
9.65978543857496	-0.457390383677494	-0.34633895800498
9.69777551642093	-0.471582343632493	-0.39765795893332
9.73544618278152	-0.487246609289108	-0.42971071285094
9.7731168491421	-0.503686012127343	-0.438814155620439
9.81078751550269	-0.519971039243518	-0.421982340654578
9.84845818186328	-0.535119454272502	-0.378000109210029
9.8904463573214	-0.54948870407268	-0.297800910899692
9.93243453277952	-0.559871486071849	-0.190714809478371
9.97442270823764	-0.565245024003593	-0.0658983468368448
10.0164108836958	-0.565186635080872	0.0658571898465878
10.0508594107463	-0.561107302122028	0.17028340676213
10.0853079377969	-0.553609389432357	0.263650990919434
10.1197564648475	-0.543142740684741	0.34052305061889
10.1542049918981	-0.530351551485796	0.397408561248532
10.1827292860947	-0.518538537567739	0.428146053885059
10.2112535802913	-0.506066978807647	0.443814841045061
10.2397778744879	-0.493361383711106	0.444859368561095
10.2683021686845	-0.480820501005518	0.432334981794552
10.3017550329699	-0.4668115554501	0.402281113470518
10.3352078972553	-0.454057553757477	0.357800195092626
10.3686607615407	-0.443006941319556	0.3013242411689
10.4021136258261	-0.434011794657416	0.235380357401231
10.4378441056343	-0.426972228538385	0.157157323167041
10.4735745854424	-0.422836853612461	0.0733293561749825
10.5093050652505	-0.421768178658426	-0.0135262894410565
10.5450355450587	-0.423819756393856	-0.100819132294381
10.5807660248668	-0.428948560876621	-0.185918676290656
10.616496504675	-0.437036075178389	-0.265778637281072
10.6522269844831	-0.447839950694257	-0.337032532123739
10.6879574642912	-0.460983241756307	-0.396124012031591
10.7259581816386	-0.47697509293184	-0.441516987643765
10.7639588989859	-0.494263710240456	-0.464154222138055
10.8019596163332	-0.511903871739182	-0.460118694616226
10.8399603336805	-0.52885194553426	-0.427085362870954
10.8807901210541	-0.545072680394949	-0.358662040088841
10.9216199084278	-0.557833839590104	-0.260020623017249
10.9624496958014	-0.565978460640975	-0.138497822639087
11.003279483175	-0.568857836978655	-0.00385949684565312
11.031497759991	-0.567636613095406	0.0904002990548338
11.059716036807	-0.563807955784421	0.18036093676336
11.087934313623	-0.557538363730323	0.262115269075116
11.1161525904389	-0.549110671784924	0.332528439865767
11.1443708672549	-0.538890253658728	0.389273662429457
11.1725891440709	-0.52728404750883	0.430840265513139
11.2008074208868	-0.51472812715505	0.456579159433572
11.2290256977028	-0.501663419980844	0.466751087776242
11.2598417155414	-0.487318716958814	0.461173889372821
11.29065773338	-0.473398111851444	0.439654788815486
11.3214737512186	-0.460367659472087	0.404086865468745
11.3522897690572	-0.448621452522871	0.356655768615893
11.393085039774	-0.435584105624916	0.279336264308484
11.4338803104908	-0.425976958859273	0.189339770692081
11.4746755812076	-0.420251151716933	0.090849532839309
11.5154708519244	-0.418649029687334	-0.0119696192136232
11.5574053565694	-0.421365851768001	-0.118106545132123
11.5993398612144	-0.428473284270879	-0.220266498005795
11.6412743658593	-0.439713854495132	-0.313253275977275
11.6832088705043	-0.454565100073678	-0.391471935957231
11.7206220618818	-0.470260919079181	-0.443925497700093
11.7580352532593	-0.48752518777127	-0.474968432430548
11.7954484446368	-0.505474218823397	-0.480423734416916
11.8328616360144	-0.523107593953528	-0.457402617619652
11.8738585444267	-0.540829108342018	-0.397860197659184
11.914855452839	-0.555379196675682	-0.305043563117243
11.9558523612514	-0.565453373489085	-0.185326862402281
11.9968492696637	-0.570228376138016	-0.0480841230945524
12.0251641873694	-0.570201427746676	0.0503745250663355
12.0534791050751	-0.567414482852265	0.146178721526807
12.0817940227808	-0.561992529492457	0.234997287743345
12.1101089404865	-0.554193413909107	0.31321063649107
12.1384238581922	-0.544371597927978	0.377984857168909
12.1667387758978	-0.532934503971461	0.427352188185834
12.1950536936035	-0.520330409189036	0.460295583433299
12.2233686113092	-0.507022719209559	0.476824162285783
12.2535487593855	-0.492578416150896	0.477257411531813
12.2837289074618	-0.478375028850086	0.461276566731571
12.3139090555381	-0.464884556795699	0.430659712431787
12.3440892036144	-0.452511783673926	0.387532880259386
12.3829900910573	-0.438748316368085	0.317003866070338
12.4218909785002	-0.42799974172985	0.233279013766819
12.4607918659431	-0.420719408766373	0.14021124551995
12.4996927533861	-0.417182969090707	0.0415680365039642
12.5439687866014	-0.417857215631006	-0.0731702501056698
12.5882448198168	-0.423589767490473	-0.185604056217124
12.6325208530322	-0.434174944790651	-0.289804217003671
12.6767968862476	-0.449075074397784	-0.379333509557426
12.7139210327716	-0.464308228098045	-0.438006602298396
12.7510451792956	-0.481354677192808	-0.476571762744836
12.7881693258196	-0.49938379230629	-0.490664893417756
12.8252934723437	-0.51743373107923	-0.47696539570512
12.8662250839642	-0.536129991126919	-0.427230589952277
12.9071566955848	-0.552028664147303	-0.342477691164153
12.9480883072054	-0.563736428040765	-0.227864831046305
12.989019918826	-0.570290562819731	-0.0919598310005751
13.0176073737986	-0.571486483007542	0.00911822818141322
13.0461948287712	-0.569793444098459	0.109362462629535
13.0747822837439	-0.565289523136765	0.204051295871525
13.1033697387165	-0.5582029087254	0.289090805278024
13.1319571936892	-0.548873149636838	0.361127136632496
13.1605446486618	-0.537704969964849	0.417703358800951
13.1891321036345	-0.525157120423959	0.457398926590722
13.2177195586071	-0.51171530567623	0.479936298050062
13.2473997938046	-0.497336343682783	0.485839172636927
13.2770800290021	-0.483035798941296	0.475054723200454
13.3067602641996	-0.469287675519076	0.449220838239425
13.336440499397	-0.456503789252514	0.410375548574961
13.3739515463158	-0.442260510696763	0.345993148039991
13.4114625932345	-0.430700923329525	0.267976738078832
13.4489736401533	-0.4222808666656	0.17995043315927
13.486484687072	-0.417297935467109	0.0854343363661651
13.5233587809584	-0.415907477966763	-0.0107210765043326
13.5602328748447	-0.41808120746434	-0.107224922422629
13.597106968731	-0.423781525740132	-0.200891423561888
13.6339810626174	-0.432831754578732	-0.288319529027096
13.6708551565037	-0.444929651912619	-0.365845714777834
13.70772925039	-0.459634278995242	-0.429004412602515
13.7446033442764	-0.476333756616089	-0.473253868428188
13.7814774381627	-0.49425241092493	-0.494350752021813
13.8214568614382	-0.514022015229491	-0.486788410630085
13.8614362847137	-0.532773122606334	-0.444583197603611
13.9014157079892	-0.549086120246365	-0.367804243018658
13.9413951312647	-0.561708557488798	-0.260170437063006
13.9706450851513	-0.567981875538672	-0.166164197103836
13.9998950390378	-0.571376468444954	-0.0643822040804572
14.0291449929244	-0.571721076342559	0.0401549285795161
14.0583949468109	-0.569026922219352	0.142365127841644
14.0876449006975	-0.563452910303124	0.237309785472046
14.116894854584	-0.555267414910246	0.320576696129828
14.1461448084706	-0.54485196256664	0.388807882181781
14.1753947623571	-0.532680394818868	0.439952813683868
14.2034309795208	-0.51985287273577	0.472116766660502
14.2314671966844	-0.506359346768199	0.487739539710154
14.2595034138481	-0.492655492560537	0.48747706699378
14.2875396310117	-0.479164923224373	0.472629316777222
14.3206148239602	-0.464043703475544	0.438640697076087
14.3536900169086	-0.45030880403717	0.389335645257515
14.3867652098571	-0.438427595980489	0.327477592681714
14.4198404028055	-0.428762315570809	0.255867135199553
14.455646728286	-0.421105035582702	0.170314575700354
14.4914530537665	-0.416622163363918	0.079093847537674
14.5272593792469	-0.415475114218508	-0.0150054422855984
14.5630657047274	-0.417709236055699	-0.109221105406632
14.5988720302079	-0.423267017713853	-0.200773423310129
14.6346783556884	-0.43201003837962	-0.28644080247962
14.6704846811688	-0.443668193016856	-0.362645112922303
14.7062910066493	-0.457828659360513	-0.425576633834373
14.7449201874643	-0.475292579952172	-0.474046666529391
14.7835493682793	-0.494139910960693	-0.496983101632022
14.8221785490944	-0.513291551183928	-0.489984445037053
14.8608077299094	-0.53155975239364	-0.450524797657034
14.9021302422369	-0.548755250813369	-0.371900126928019
14.9434527545645	-0.561972301371872	-0.260743665582937
14.984775266892	-0.569963746131905	-0.126012973895077
15.0260977792196	-0.57209117328775	0.0209377165102958
15.0541499742992	-0.570103360947175	0.120492341484689
15.0822021693789	-0.565397474625413	0.214153858731151
15.1102543644585	-0.558185264948635	0.297898006066838
15.1383065595382	-0.54879511094358	0.368616764716829
15.1663587546179	-0.537635985324401	0.424133104594635
15.1944109496975	-0.525152810607904	0.463163229136249
15.2224631447772	-0.511812436003954	0.485325460015716
15.2505153398568	-0.49807780962738	0.491170529052841
15.2814222697659	-0.483018011115636	0.480168308674762
15.3123291996749	-0.468560228666607	0.452683233972194
15.3432361295839	-0.455184328674941	0.410908154424111
15.3741430594929	-0.443289065681676	0.357275999577704
15.415981469036	-0.430098493466823	0.269986765477021
15.457819878579	-0.420841984123153	0.170172801506807
15.4996582881221	-0.415967714451674	0.0625436072356739
15.5414966976651	-0.415682454080564	-0.0482287858764541
15.5823882857881	-0.419842670775446	-0.155343990541595
15.6232798739111	-0.428290446283154	-0.256868961591106
15.6641714620341	-0.440706365213453	-0.3476591681859
15.7050630501571	-0.456522267552069	-0.422197376228518
15.7430404754238	-0.473579107471446	-0.471761028333156
15.7810179006906	-0.492061007038229	-0.496987352498403
15.8189953259574	-0.510955057758073	-0.49357905821224
15.8569727512242	-0.52913916964601	-0.458899385145516
15.8985741682424	-0.54688438055592	-0.384139338916538
15.9401755852606	-0.56075781761851	-0.275541006134105
15.9817770022788	-0.569442903735841	-0.141735501831769
16.023378419297	-0.572228558250355	0.00600253742666429
16.0514848955529	-0.57064547832002	0.10649018798924
16.0795913718089	-0.56630418432722	0.201668323787064
16.1076978480648	-0.55940180647082	0.287383467779819
16.1358043243208	-0.55025726432105	0.360374966180693
16.1639108005768	-0.539274532910111	0.418303424830077
16.1920172768327	-0.526897287940077	0.459738094333868
16.2201237530887	-0.51359491353191	0.484176396439718
16.2482302293447	-0.499836222496423	0.492083074156714
16.2789455447226	-0.484809299261684	0.483185823166653
16.3096608601005	-0.470317438278053	0.457706454781763
16.3403761754784	-0.45684128458245	0.417782333422393
16.3710914908562	-0.44478247307924	0.365811468984192
16.4122431146906	-0.431399154700586	0.281391697999948
16.453394738525	-0.421769803072713	0.184275499504221
16.4945463623594	-0.416344091059676	0.0790066997454661
16.5356979861938	-0.415344992191858	-0.0299345995787906
16.5771876471037	-0.418849678964681	-0.139278978251912
16.6186773080136	-0.426809519183264	-0.243584811686987
16.6601669689235	-0.438921915797676	-0.33755528236513
16.7016566298335	-0.454621343680534	-0.415493950633858
16.7394813238217	-0.471397787106476	-0.467447715089443
16.7773060178099	-0.48969846824029	-0.495782363316743
16.8151307117981	-0.508541213745492	-0.496131193047036
16.8529554057863	-0.526827857978263	-0.465662466710492
16.8944496495509	-0.544903326822025	-0.395539479487236
16.9359438933155	-0.559298301272283	-0.290958309136755
16.9774381370802	-0.568664408548097	-0.159915093177982
17.0189323808448	-0.572229062033086	-0.0132631470935939
17.0470719360371	-0.571178743664804	0.087938174709047
17.0752114912294	-0.56733488393125	0.184644867555384
17.1033510464216	-0.560873306265202	0.272571129680201
17.1314906016139	-0.552097198361907	0.348280892297423
17.1596301568062	-0.541399950642545	0.409233553682637
17.1877697119985	-0.529219532182033	0.453805071727606
17.2159092671907	-0.516024701480381	0.481324841494032
17.244048822383	-0.502288456540679	0.49212669096253
17.2745254574029	-0.487331499878713	0.486206057194557
17.3050020924228	-0.47281629352827	0.463591547068457
17.3354787274426	-0.459224234262824	0.426336511334154
17.3659553624625	-0.446960716125557	0.376784277546919
17.4062315976632	-0.433340507510688	0.296374480118048
17.4465078328638	-0.423236286610587	0.203043300847341
17.4867840680645	-0.417099614272954	0.101122244287305
17.5270603032652	-0.415173131316331	-0.00514601224290129
17.5694262229024	-0.417756970261558	-0.117359961360817
17.6117921425395	-0.425029866951298	-0.225327477133342
17.6541580621767	-0.436714345998298	-0.323522362679494
17.6965239818139	-0.452248142959648	-0.405982858886113
17.734138452028	-0.468623884981267	-0.460851707323838
17.7717529222421	-0.486644661725642	-0.493086694943969
17.8093673924562	-0.505370642148568	-0.498259106370849
17.8469818626703	-0.523738465175828	-0.473312744514916
17.8883429587173	-0.542199156602293	-0.409409613174288
17.9297040547642	-0.557237086438496	-0.310378864404499
17.9710651508111	-0.567467916613575	-0.183368787890555
18.0124262468581	-0.572042878304103	-0.0386352628846278
18.0406477192204	-0.571698807437464	0.0632874269764396
18.0688691915828	-0.568516497989335	0.16181361920427
18.0970906639452	-0.562643026553749	0.25248780672025
18.1253121363076	-0.554360389531706	0.331644321848992
18.1535336086699	-0.544047711984464	0.396475344756216
18.1817550810323	-0.532135224496409	0.445096112182965
18.2099765533947	-0.519090911370605	0.47660831367625
18.2381980257571	-0.505393609926339	0.491167495859118
18.2683823460459	-0.490551692526939	0.489045094675827
18.2985666663347	-0.476034070614624	0.470121168108487
18.3287509866235	-0.462322244121538	0.436334883801519
18.3589353069123	-0.449825680359426	0.389952509620578
18.3982008987607	-0.435933445036734	0.31452072924088
18.4374664906091	-0.425277753259002	0.225891171868041
18.4767320824576	-0.418312397536765	0.128159454301575
18.515997674306	-0.415301063012705	0.0253136568834115
18.5595862300501	-0.416701836928377	-0.0904771570035117
18.6031747857942	-0.423107585794106	-0.20305102545476
18.6467633415383	-0.434274516813882	-0.306532539016221
18.6903518972824	-0.449640468869523	-0.39456419603821
18.7277118614893	-0.465531403607079	-0.452518516604399
18.7650718256962	-0.483193989359766	-0.488984144044933
18.8024317899031	-0.501737859306978	-0.499495313576184
18.83979175411	-0.52014231082199	-0.480780014643484
18.881020013158	-0.538996360767813	-0.424028516050188
18.922248272206	-0.554723734379668	-0.331530421917502
18.9634765312539	-0.565904722155547	-0.209474204805915
19.0047047903019	-0.571609329086703	-0.0674015071223082
19.0330813223564	-0.572074446350623	0.0351760363704726
19.0614578544109	-0.569648227158068	0.135630949106597
19.0898343864654	-0.564444352899308	0.229310373119426
19.1182109185199	-0.556720738010752	0.312281128860152
19.1465874505745	-0.546840796905865	0.381422653664658
19.174963982629	-0.535226723632836	0.434542428695501
19.2033405146835	-0.522346850448394	0.470474590959491
19.231717046738	-0.508688274387447	0.489167266799785
19.2615969245504	-0.493995343445159	0.491095910666018
19.2914768023628	-0.479503371842295	0.476142377679505
19.3213566801752	-0.465693068954139	0.446117058704258
19.3512365579876	-0.452977480188952	0.403196625111321
19.3895206137584	-0.43882734253642	0.332927822828278
19.4278046695292	-0.427639614404893	0.2491773685878
19.4660887253	-0.41987014897961	0.155823023159247
19.5043727810708	-0.415801242370109	0.0566271708602324
19.5494568163692	-0.415917511998552	-0.0631270012439755
19.5945408516676	-0.421417904213098	-0.180798784826441
19.639624886966	-0.432096893067244	-0.290031765830864
19.6847089222644	-0.447383676840363	-0.383929586921381
19.7218181616556	-0.462816171742106	-0.444429993196064
19.7589274010467	-0.480123087610958	-0.484484755853782
19.7960366404378	-0.498459500918826	-0.499625873526439
19.8331458798289	-0.516845721304658	-0.486425188418335
19.874274344048	-0.536016144882067	-0.436121649231316
19.9154028082671	-0.552326374925039	-0.349630452099708
19.9565312724862	-0.564329313913951	-0.232291452792363
19.9976597367053	-0.571026798519691	-0.0929835315928755
20.0262459808899	-0.572223218025187	0.0101038822344359
20.0548322250746	-0.570474901385453	0.112232534890259
20.0834184692592	-0.565864912204724	0.20855926381329
20.1120047134439	-0.558630016114925	0.294897157725455
20.1405909576286	-0.549120758168061	0.3678308925175
20.1691772018132	-0.537753716386694	0.424878071301051
20.1977634459979	-0.524999687314648	0.464624381617351
20.2263496901825	-0.511355740742811	0.486830203708405
20.2559842065501	-0.496804032697242	0.492052277569893
20.2856187229176	-0.482354411433417	0.480353428451418
20.3152532392851	-0.468486199669035	0.453433985359362
20.3448877556527	-0.455614721892986	0.413391893792147
20.3824314556246	-0.441278521169867	0.347241423451417
20.4199751555965	-0.429696336353265	0.267386323914968
20.4575188555684	-0.421325438990092	0.177546514823939
20.4950625555404	-0.416461006243058	0.081327403791572
20.5319892130099	-0.415249429937951	-0.0163776150842374
20.5689158704794	-0.417659987770472	-0.114179910520601
20.6058425279489	-0.423644243179246	-0.208809471137116
20.6427691854185	-0.433011200756173	-0.296777573825379
20.679695842888	-0.445441347408955	-0.374330142750243
20.7166225003575	-0.460471520600239	-0.436899755394812
20.7535491578271	-0.477464569616583	-0.47987158765174
20.7904758152966	-0.495618327740927	-0.4989747525066
20.8305818052774	-0.515581330877191	-0.488423452296485
20.8706877952583	-0.534386198826371	-0.442506923370469
20.9107937852392	-0.55058425272228	-0.361641343136851
20.95089977522	-0.562916019097452	-0.249990075799461
20.9801141841245	-0.568851641044794	-0.153852646338245
21.009328593029	-0.571858801858345	-0.0505599431507828
21.0385430019335	-0.571786072655191	0.0547609526625637
21.067757410838	-0.568666280246265	0.156988211982462
21.0969718197425	-0.56268029440846	0.251210327260176
21.126186228647	-0.554117004569464	0.333109055774493
21.1554006375514	-0.543374846387378	0.39945549005418
21.1846150464559	-0.530939438987763	0.448352836522737
21.2127517840048	-0.51786038159704	0.478273833404686
21.2408885215536	-0.504179425306319	0.491430950778517
21.2690252591024	-0.490358700376419	0.488595439332705
21.2971619966513	-0.476824823348411	0.471167844896742
21.33044700622	-0.461707488527776	0.434109895667992
21.3637320157888	-0.448085793125447	0.381845017880802
21.3970170253575	-0.436425265422139	0.317220789239829
21.4303020349263	-0.427082824857193	0.243099706579574
21.4662561193768	-0.419893208803279	0.155368839965125
21.5022102038273	-0.415961931555869	0.0624019438767494
21.5381642882778	-0.4154344977823	-0.0329478360785585
21.5741183727283	-0.418336986065394	-0.127837649643495
21.6100724571788	-0.424589382624253	-0.219384213811325
21.6460265416293	-0.434025357966045	-0.304214954859419
21.6819806260798	-0.446340985237916	-0.378602050935621
21.7179347105303	-0.461084387847835	-0.438606004143413
21.756742004927	-0.479054700579163	-0.482584111096545
21.7955492993237	-0.498210708154801	-0.499604795806474
21.8343565937204	-0.517415106127184	-0.485475027441997
21.8731638881171	-0.535439596047531	-0.438122647870265
21.9148467814075	-0.552084925020837	-0.350544374171397
21.9565296746978	-0.564361249620965	-0.231450844187442
21.9982125679882	-0.57107208169037	-0.091135321426881
22.0398954612786	-0.571696061850595	0.0581641500311861
22.0743997562805	-0.567607294565819	0.178117481313184
22.1089040512824	-0.559584616512957	0.285380868770071
22.1434083462843	-0.548147802635832	0.373437730136017
22.1779126412862	-0.53405006549861	0.438170625037566
22.2059978644206	-0.521222021252309	0.472296613220193
22.2340830875551	-0.507675592935121	0.489603823478156
22.2621683106895	-0.49387557391742	0.490702070068657
22.290253533824	-0.480255552320562	0.476880484829703
22.323097628487	-0.465080941422687	0.444054055850128
22.3559417231499	-0.451247303436197	0.395757424977655
22.3887858178129	-0.439223858930868	0.334741453520557
22.4216299124758	-0.429375897635216	0.263805084207779
22.4573153253693	-0.421456532847093	0.178479304774948
22.4930007382628	-0.416696672741017	0.0872664975055198
22.5286861511563	-0.415264622100864	-0.00702338005758868
22.5643715640498	-0.417212596985852	-0.101620536948563
22.6000569769433	-0.422490111913871	-0.193753621332137
22.6357423898368	-0.430966886477999	-0.280235635769964
22.6714278027303	-0.442382799530248	-0.357529443654189
22.7071132156238	-0.456336958887307	-0.421865905483278
22.7456751276849	-0.473663527617748	-0.472307008760944
22.7842370397461	-0.492454057192361	-0.497539404772577
22.8227989518073	-0.511642838342408	-0.493081471626202
22.8613608638684	-0.530049745545524	-0.456253075942327
22.9026305399361	-0.547514420180126	-0.380250857830425
22.9439002160039	-0.561102987329426	-0.271150235297237
22.9851698920716	-0.569541531744369	-0.137582837912142
23.0264395681393	-0.572150831423337	0.00928179592209338
23.0544940331993	-0.570481250209354	0.109553183352856
23.0825484982593	-0.566066533649281	0.204387462061616
23.1106029633193	-0.559106686323836	0.289666857371499
23.1386574283793	-0.549921914701847	0.36216865254409
23.1667118934393	-0.538916269399051	0.419590647088654
23.1947663584993	-0.526532726456408	0.460533680958525
23.2228208235593	-0.513239124917178	0.484518976845809
23.2508752886193	-0.499502094518634	0.492025204523315
23.2816222994833	-0.484467849698064	0.482705722555383
23.3123693103472	-0.469982520934126	0.456785820304174
23.3431163212112	-0.456527611355363	0.416418044498434
23.3738633320752	-0.444505034101466	0.364013841593445
23.4151203887952	-0.431175495014622	0.278907966545101
23.4563774455151	-0.421637509452471	0.181133913192289
23.4976345022351	-0.416340091568507	0.0752824128283031
23.5388915589551	-0.415502236495359	-0.0341134357727309
23.5802194455998	-0.419158137178544	-0.14303196340629
23.6215473322445	-0.427230606356137	-0.246747746409545
23.6628752188893	-0.439411554907781	-0.33998983062602
23.704203105534	-0.455133229136527	-0.417100197719275
23.7420444319829	-0.47196707139664	-0.468434344560034
23.7798857584319	-0.490298386375494	-0.495953147872411
23.8177270848809	-0.509137451754662	-0.495318847363708
23.8555684113299	-0.527380840085459	-0.463760550205629
23.8971047266707	-0.545369851866213	-0.392373676301802
23.9386410420115	-0.55962435281242	-0.286661994054768
23.9801773573523	-0.568802990947881	-0.154812187790885
24.0217136726932	-0.572149395963006	-0.00781028438407161
24.0498464087879	-0.570947902300212	0.093198274852763
24.0779791448827	-0.566962463314486	0.189474150022639
24.1061118809774	-0.560375209563309	0.276765951468308
24.1342446170722	-0.551494129664561	0.351685152538614
24.1623773531669	-0.54071601333392	0.411747033115557
24.1905100892616	-0.528480884705048	0.455382253141534
24.2186428253564	-0.515258102396076	0.481968448646837
24.2467755614511	-0.50151985812912	0.491877849443474
24.2773207711815	-0.486551006879621	0.485030220483234
24.3078659809119	-0.472052914974843	0.461511541577315
24.3384111906422	-0.458507032174066	0.423401077312019
24.3689564003726	-0.446317865853382	0.373060390974474
24.4094885201235	-0.432787680173966	0.291367802280882
24.4500206398745	-0.422846894817113	0.19681827559213
24.4905527596255	-0.416946437325163	0.0938160297321443
24.5310848793765	-0.415322642366069	-0.0133145346136007
24.5731348661678	-0.418212492044998	-0.124570825156353
24.6151848529592	-0.425709671126611	-0.231296162338638
24.6572348397505	-0.437527405143999	-0.328038904259389
24.6992848265419	-0.45310178956618	-0.408928997216637
24.7369505020572	-0.469593188186733	-0.462782557208006
24.7746161775725	-0.487687137608789	-0.493678956292828
24.8122818530879	-0.506430595002333	-0.497220598123419
24.8499475286032	-0.52474993897133	-0.470435444847705
24.89135643396	-0.54307022770573	-0.404445883309513
24.9327653393167	-0.557881243114487	-0.303555815547481
24.9741742446735	-0.567810862735902	-0.175205794146452
25.0155831500303	-0.572036301832882	-0.0298588353454837
25.0437756013369	-0.571448035243037	0.0717740901715869
25.0719680526435	-0.568038238957551	0.169629470805399
25.1001605039501	-0.561963986806182	0.259311232055973
25.1283529552567	-0.553514602377394	0.337233780357126
25.1565454065634	-0.543074112785319	0.400682394266548
25.18473785787	-0.531075401750895	0.447863226087271
25.2129303091766	-0.517986669862334	0.477957121366184
25.2411227604832	-0.504284657401861	0.49118128270979
25.2714092011852	-0.489412416608337	0.487718296448734
25.3016956418871	-0.474905714976504	0.467488443533158
25.3319820825891	-0.461246129372429	0.432470000934321
25.362268523291	-0.448841828823592	0.384956216978632
25.4018789531435	-0.435059756828076	0.307776726814235
25.441489382996	-0.424610426034537	0.217494177402593
25.4810998128484	-0.417946863239705	0.118288095984321
25.5207102427009	-0.415325485498867	0.014237797962275
25.5638198954439	-0.417161832305594	-0.10018266032172
25.6069295481868	-0.423879799097128	-0.210996079447992
25.6500392009298	-0.435222644610733	-0.312462005130108
25.6931488536728	-0.450628599261241	-0.398379353977936
25.7305857471738	-0.466675595602167	-0.455198578057306
25.7680226406749	-0.484447605842723	-0.490134264964496
25.8054595341759	-0.503037672036657	-0.498740976068099
25.8428964276769	-0.521411174748999	-0.477828975149443
25.884168770537	-0.540112474508546	-0.418560256793145
25.9254411133971	-0.555583610935598	-0.32377749312593
25.9667134562573	-0.566418102236325	-0.200009199217277
26.0079857991174	-0.57171519809816	-0.0570498485268484
26.0363014504823	-0.571888859882795	0.0452350860468364
26.0646171018472	-0.569192473689295	0.144939306244196
26.0929327532121	-0.563751726669049	0.237484316528613
26.1212484045771	-0.555833017451553	0.319036026648562
26.149564055942	-0.545805123161561	0.386588734225077
26.1778797073069	-0.534092809969689	0.438062411247784
26.2061953586718	-0.521163907761964	0.472388111550714
26.2345110100367	-0.507502131863283	0.489587993726334
26.264500241771	-0.492764404987557	0.490075404997944
26.2944894735053	-0.478271242336313	0.473709432271211
26.3244787052396	-0.46450367701389	0.442345026718361
26.3544679369739	-0.451873554837987	0.398190110065948
26.3930928531175	-0.43782558608647	0.326108279777039
26.4317177692612	-0.426834855547651	0.240644618429823
26.4703426854048	-0.419356520381511	0.145752676186101
26.5089676015484	-0.415666500971963	0.0452738138631801
26.5534671379359	-0.416256034095327	-0.0729361192493994
26.5979666743233	-0.422080475502283	-0.188639744832379
26.6424662107107	-0.432919855311642	-0.295671722619333
26.6869657470981	-0.448207881303181	-0.38735244957149
26.7241530619572	-0.463784818084893	-0.446950118253154
26.7613403768162	-0.481199822920919	-0.485756025685729
26.7985276916753	-0.49959315659468	-0.499307599255213
26.8357150065344	-0.517971981937811	-0.484233697305824
26.8768723700498	-0.537021661996081	-0.431751864067129
26.9180297335653	-0.553122035526623	-0.343251185849465
26.9591870970808	-0.564836292842516	-0.224358183195712
27.0003444605963	-0.571190082070314	-0.0841741400175314
27.0288519843261	-0.572134116759166	0.01867532512359
27.0573595080559	-0.570154307014513	0.120165865852318
27.0858670317857	-0.565344232935086	0.215524589176158
27.1143745555155	-0.55794769053107	0.300655971839556
27.1428820792453	-0.548319254215246	0.372249404980093
27.1713896029751	-0.536876981029324	0.427924487242408
27.1998971267048	-0.524090295278646	0.466353129959355
27.2284046504346	-0.510452277826129	0.487359372497283
27.2581230718495	-0.49585996156409	0.491481048757499
27.2878414932644	-0.481402565654732	0.478696749605206
27.3175599146792	-0.467559870486735	0.450742378281508
27.3472783360941	-0.454746462729581	0.409741377412088
27.3850660041632	-0.440480535263976	0.342235658755639
27.4228536722323	-0.429036543297596	0.261099991722357
27.4606413403015	-0.420871298844441	0.17010562119217
27.4984290083706	-0.416275800398302	0.0729094825250458
27.5444218208694	-0.415690294464646	-0.0490736807258146
27.5904146333683	-0.420716641362629	-0.169604957701368
27.6364074458672	-0.431171105866502	-0.282003313026734
27.682400258366	-0.446472491688263	-0.379010288174433
27.7193794973073	-0.461685374926965	-0.440499395513688
27.7563587362486	-0.478811752087042	-0.482017838039037
27.7933379751899	-0.497027830623017	-0.499113298824695
27.8303172141311	-0.515373925010385	-0.488307342456301
27.8714063803805	-0.534660658547176	-0.440862927032521
27.9124955466298	-0.551205823051021	-0.357091389398008
27.9535847128792	-0.563552476877278	-0.241963078253172
27.9946738791285	-0.57067459543501	-0.104055944186675
28.0233799811108	-0.572193216483246	-0.000799688183293373
28.0520860830932	-0.570742075658034	0.102016855611958
28.0807921850755	-0.566390503850484	0.199462263324399
28.1094982870578	-0.559366118896923	0.287233257348059
28.1382043890402	-0.550014251775539	0.361779967893339
28.1669104910225	-0.538749600814235	0.420487906605618
28.1956165930048	-0.526044842278386	0.461830861409238
28.2243226949871	-0.51240237536076	0.485486465130244
28.2538610066186	-0.497918367150041	0.49201604678139
28.28339931825	-0.483497455917906	0.481621425704322
28.3129376298814	-0.469618104649511	0.455956426127714
28.3424759415129	-0.456696302176279	0.417084897200512
28.3797392942563	-0.442299153568316	0.352571099194416
28.4170026469996	-0.430575826523278	0.274267043370811
28.454265999743	-0.421984082981946	0.18583344158563
28.4915293524864	-0.416823723175021	0.0908191214117475
28.5283866742859	-0.415256610677084	-0.00649982324214327
28.5652439960855	-0.417296129649189	-0.104225753544755
28.6021013178851	-0.422906144776948	-0.199130771063789
28.6389586396847	-0.431910025728671	-0.287780359892194
28.6758159614843	-0.444004398273749	-0.3664832257194
28.7126732832839	-0.458746461221786	-0.43074451438818
28.7495306050835	-0.475521191990837	-0.475986739688514
28.7863879268831	-0.4935483939355	-0.497922192174474
28.8264251084596	-0.51350406439144	-0.490990374515402
28.8664622900361	-0.532455880543341	-0.448968303499121
28.9064994716125	-0.548963042425925	-0.371880893637364
28.946536653189	-0.561752469009199	-0.263458313217381
28.9757553414257	-0.56810702929635	-0.168867930132524
29.0049740296624	-0.571567115223851	-0.0663907519185515
29.0341927178991	-0.571958907624679	0.0389110212869973
29.0634114061358	-0.56929239304129	0.141908759457405
29.0926300943725	-0.563726446758604	0.237614248086666
29.1218487826092	-0.555530588528008	0.321568675756329
29.1510674708459	-0.545088542070968	0.390377238537055
29.1802861590826	-0.532877252705212	0.441964524343383
29.2082851248705	-0.520006221303109	0.474407458850595
29.2362840906585	-0.506464101232235	0.490180028510051
29.2642830564464	-0.492709504654065	0.489943159488743
29.2922820222344	-0.479168776727477	0.475008448498035
29.325299938844	-0.463998329753689	0.440811208866153
29.3583178554537	-0.450220358487668	0.39120089793539
29.3913357720633	-0.43830419964045	0.328966092475296
29.424353688673	-0.428613390259318	0.256933399177171
29.4601308561621	-0.420934174918554	0.170818977495021
29.4959080236512	-0.416447062298884	0.0790314500816832
29.5316851911403	-0.41531295258681	-0.0156067083852888
29.5674623586294	-0.417575609769223	-0.11030343798417
29.6032395261185	-0.423175025096174	-0.202252224284688
29.6390166936076	-0.431969343707076	-0.288206392381433
29.6747938610967	-0.443684331675171	-0.36456644643378
29.7105710285858	-0.457902586276388	-0.427506215570368
29.7492153033899	-0.475446633007839	-0.475852228090842
29.787859578194	-0.494364773926305	-0.4984129891701
29.8265038529981	-0.513567610390946	-0.490792762656928
29.8651481278021	-0.531858540091787	-0.450501608666816
29.8988610958516	-0.546097641314322	-0.388384322758058
29.9325740639011	-0.557834348724795	-0.303450854292968
29.9662870319505	-0.566340359612745	-0.199938696916893
30	-0.571126508144477	-0.0837347305278324
