0	-1.5	0
2.09323869292465e-07	-1.49999999999474	5.02377234408501e-05
4.1864773858493e-07	-1.49999999997897	0.000100475436502255
6.27971607877395e-07	-1.49999999995268	0.000150713139183074
8.3729547716986e-07	-1.49999999991587	0.000200950831482162
1.88391482363218e-06	-1.4999999995741	0.000452139137211675
2.93053417009451e-06	-1.49999999896944	0.000703327183226576
3.97715351655683e-06	-1.49999999810187	0.000954514969384058
5.02377286301916e-06	-1.49999999697141	0.00120570249554131
1.02568695953308e-05	-1.49999998737564	0.00246163622132591
1.54899663276424e-05	-1.49999997120746	0.00371756342568379
2.0723063059954e-05	-1.49999994846691	0.00497348409076425
2.59561597922657e-05	-1.49999991915402	0.00622939819871683
5.21216434538238e-05	-1.49999967400574	0.0125088697568079
7.82871271153819e-05	-1.49999926455422	0.0187881747092375
0.00010445261077694	-1.49999869080386	0.0250673108249105
0.000130618094438498	-1.49999795275909	0.0313462758728557
0.000261445512746289	-1.49999179827898	0.0627384570228683
0.000392272931054079	-1.49998153713946	0.0941260269074207
0.00052310034936187	-1.49996716996204	0.125508706807374
0.000653927767669661	-1.49994869740469	0.156886218099942
0.00130806485920861	-1.49979477948833	0.313686505204252
0.00196220195074757	-1.499538346718	0.470315846298747
0.00261633904228652	-1.49917952225689	0.626739562659839
0.00327047613382547	-1.49871845190589	0.782923094928647
0.00654116159152024	-1.49488607459332	1.55905056912464
0.009811847049215	-1.48853234049819	2.32408132414528
0.0130825325069098	-1.47970005498727	3.0739506524812
0.0163532179646045	-1.46844508228887	3.80483856619417
0.0239169618717723	-1.43352996551821	5.403697839741
0.0314807057789401	-1.38710718967729	6.84580936612493
0.039044449686108	-1.33044556120416	8.10545521947149
0.0466081935932758	-1.26497577760336	9.16959776547933
0.0560705169782365	-1.17297927606787	10.2240858319603
0.0655328403631973	-1.07241428298599	10.9883417867473
0.0749951637481581	-0.965859797382811	11.4947355597172
0.0844574871331189	-0.855547258069096	11.7872364691037
0.0958346544279327	-0.720489554189428	11.9247647127808
0.107211821722747	-0.584835428925074	11.8999392304344
0.11858898901756	-0.450053420157286	11.7792229101135
0.129966156312374	-0.316953588536448	11.6156630832462
0.146251616691599	-0.129800601707993	11.3801706181459
0.162537077070823	0.0539748510459822	11.1922195486135
0.178822537450048	0.23517409801736	11.0613579880469
0.195107997829272	0.414368237000803	10.9499141654117
0.21302733159529	0.609111252619248	10.7559424965532
0.230946665361308	0.79842262795263	10.3177380560461
0.248865999127326	0.97626019598022	9.4499085319618
0.266785332893344	1.13350024347385	7.98744332802648
0.278649067974547	1.22067269282278	6.63400059548296
0.290512803055751	1.28994639115197	4.98955209688956
0.302376538136954	1.33806020475012	3.10663373137317
0.314240273218157	1.36284847458008	1.06859097762452
0.326104008299361	1.36322181684268	-1.01214639819802
0.337967743380564	1.33933524615807	-3.00637727246237
0.349831478461768	1.29271843183548	-4.80540370256451
0.361695213542971	1.22624387613307	-6.33107675519397
0.372283490829252	1.15318318148571	-7.42507802823041
0.382871768115534	1.06992998408361	-8.26172142445204
0.393460045401815	0.979115855459807	-8.85461647490994
0.404048322688096	0.883164140930436	-9.23330392858279
0.415927791942949	0.772000128934079	-9.45172050095438
0.427807261197801	0.65927003836143	-9.50399148545137
0.439686730452654	0.546637266955455	-9.4417086956092
0.451566199707506	0.435206185844795	-9.31033756932019
0.467460112587902	0.288982169849089	-9.08934862654437
0.483354025468297	0.146274762617396	-8.86835304183586
0.499247938348693	0.00683592850238601	-8.68139796681829
0.515141851229088	-0.129931586995164	-8.53900777965571
0.535195508387423	-0.299681718691069	-8.40538215348783
0.555249165545759	-0.46690320045635	-8.26281642495761
0.575302822704094	-0.630459366091429	-8.01286974092167
0.595356479862429	-0.786802483166531	-7.52736758034325
0.612363495029787	-0.909533954996054	-6.82626360481568
0.629370510197145	-1.01737851707402	-5.79029810570561
0.646377525364502	-1.10432476665732	-4.40079628385831
0.66338454053186	-1.16497358572984	-2.69615029693924
0.676614644100561	-1.19102752388495	-1.21604468072429
0.689844747669262	-1.19709988006688	0.309387010265538
0.703074851237962	-1.18302689396048	1.79641123620212
0.716304954806663	-1.14992398406945	3.16900549515894
0.729535058375364	-1.09987589123499	4.36292976880237
0.742765161944064	-1.03548527774056	5.33927206914387
0.755995265512765	-0.959670921613893	6.08394827155137
0.769225369081466	-0.875441058544767	6.60709165586035
0.782199840051636	-0.787427352994993	6.93252452830456
0.795174311021805	-0.696217918862613	7.10540658648468
0.808148781991975	-0.603554638046506	7.16135205539292
0.821123252962145	-0.510732612155014	7.13565841555791
0.837553108167031	-0.394269137906445	7.03518516114034
0.853982963371917	-0.279739187416178	6.90314518633821
0.870412818576803	-0.167375663738272	6.77518225149227
0.886842673781689	-0.056952401057902	6.67341778953473
0.909784142957962	0.0949542441211156	6.59154226902229
0.932725612134234	0.245873743183984	6.5711870149536
0.955667081310507	0.396727933756873	6.56842902612936
0.978608550486779	0.546876609173216	6.50315825008269
1.00250332581127	0.700144619633441	6.25496699558925
1.02639810113577	0.843318170806424	5.66202757814526
1.05029287646026	0.966701241072085	4.60810439746647
1.07418765178476	1.05936471925752	3.06980801046891
1.08909722046198	1.09666310504193	1.89897054448438
1.10400678913919	1.1157188155189	0.637862189832357
1.11891635781641	1.11559818218867	-0.640411096823977
1.13382592649363	1.09672348553902	-1.86269512559976
1.14873549517085	1.0605934641924	-2.95904070348197
1.16364506384806	1.00943900298	-3.87779227572231
1.17855463252528	0.946038444934313	-4.59164067447971
1.1934642012025	0.873491308409001	-5.09786438466386
1.20714528538748	0.801545474862017	-5.39474839053401
1.22082636957245	0.726515904613489	-5.55317544764186
1.23450745375743	0.650118985899501	-5.59836292930257
1.24818853794241	0.573721011060144	-5.55735167388974
1.2649051446165	0.481822982723075	-5.42767237081206
1.28162175129059	0.39256155423261	-5.24499356871824
1.29833835796468	0.306572980378663	-5.03924998362807
1.31505496463877	0.224076790957576	-4.83238036457962
1.34002324244172	0.107056690652261	-4.551135492267
1.36499152024467	-0.00361632687131064	-4.32151372866275
1.38995979804762	-0.109271321262141	-4.148145997482
1.41492807585057	-0.211159136916604	-4.02116723458532
1.44336088883996	-0.323754499003136	-3.90477282128241
1.47179370182934	-0.432958242885325	-3.77158942717114
1.50022651481873	-0.537547001788722	-3.56484474052657
1.52865932780812	-0.634498554074333	-3.22429680390037
1.55303094964849	-0.708196494849963	-2.7836600864775
1.57740257148886	-0.769203957040272	-2.19264280272239
1.60177419332923	-0.813859705678325	-1.46371592096903
1.6261458151696	-0.839468209824666	-0.633023017312929
1.64536253136285	-0.845075816850667	0.053539496662908
1.66457924755609	-0.837595076338742	0.723943049806728
1.68379596374934	-0.81760559232999	1.3429453502887
1.70301267994258	-0.786408402763531	1.88310032754129
1.72222939613583	-0.745797473887637	2.32609671797018
1.74144611232907	-0.69768767336473	2.66573876344783
1.76066282852231	-0.644013197136017	2.90508727994842
1.77987954471556	-0.586589215085837	3.05585169997267
1.79942880645549	-0.52596608530765	3.13603128946266
1.81897806819541	-0.464348192383168	3.16015892397479
1.83852732993534	-0.402653563492965	3.14598183204863
1.85807659167527	-0.341479848122892	3.10979193726991
1.88345362729966	-0.263303422184796	3.052395523248
1.90883066292405	-0.186496996183818	3.00304601121582
1.93420769854844	-0.110661302985852	2.9774217913214
1.95958473417283	-0.0350882187575187	2.98518063013311
1.99455375573502	0.0701632203419451	3.05684538707218
2.02952277729722	0.179318208141202	3.19647679738917
2.06449179885941	0.29436461761219	3.37765315725824
2.09946082042161	0.415584094732351	3.54523319927922
2.1313711195748	0.530356966229361	3.61902774627298
2.163281418728	0.64468861773107	3.51063809343501
2.1951917178812	0.751255008789744	3.12438524321242
2.22710201703439	0.840422829845247	2.40298955584761
2.24574463510374	0.880065435093385	1.82280950864335
2.26438725317309	0.907964053331027	1.15216211094794
2.28302987124244	0.922659726161061	0.425949561524762
2.3016724893118	0.923614546279882	-0.314582741336341
2.32031510738115	0.911083299981541	-1.02312646857272
2.3389577254505	0.886019052898388	-1.65596943155816
2.35760034351985	0.850048388395404	-2.18177105505629
2.3762429615892	0.805366267625573	-2.58354811322229
2.39238971121906	0.761541564181852	-2.82860275620714
2.40853646084892	0.714509899820406	-2.98298518196196
2.42468321047878	0.665659853566739	-3.05554338073975
2.44082996010865	0.616210169371189	-3.05855451307044
2.45956114396583	0.55943696128493	-2.99295507861329
2.47829232782301	0.504441472758504	-2.87101322505783
2.49702351168019	0.452119465708169	-2.7098426419811
2.51575469553738	0.403074167493317	-2.52407973838413
2.54103954072871	0.342651379325525	-2.25424140595508
2.56632438592004	0.28913380043802	-1.97866709528104
2.59160923111138	0.242515424780799	-1.70947283608792
2.61689407630271	0.202564528747955	-1.45347248652318
2.65343685654578	0.155782664869321	-1.11144909298596
2.68997963678886	0.120890378015631	-0.802003538223449
2.72652241703193	0.0968055063674373	-0.521344233265658
2.76306519727501	0.0825520987724278	-0.263702977395365
2.80459252010035	0.0773008690556429	0.00985972862307832
2.84611984292569	0.0831497254939716	0.271682029221664
2.88764716575103	0.0998242929274454	0.530031174487621
2.92917448857637	0.127282786161308	0.792121258706205
2.96802894214762	0.162915045510795	1.04531778673253
3.00688339571887	0.208638085441912	1.30887086135635
3.04573784929012	0.264766347154841	1.57893673867816
3.08459230286137	0.331271248341232	1.84272151655873
3.12130776910865	0.403132237790842	2.06549211087976
3.15802323535593	0.482162124066281	2.2235728158697
3.19473870160321	0.565048755719077	2.26715767489666
3.23145416785049	0.646544424938839	2.13989010644233
3.25867368558666	0.702029055082642	1.90288721795169
3.28589320332283	0.749212356997687	1.53782265924262
3.313112721059	0.784628221313812	1.05738108908773
3.34033223879517	0.805743129710324	0.490569752983936
3.35988455006131	0.811129579739899	0.0567375446020079
3.37943686132746	0.808050192580228	-0.371854352294411
3.3989891725936	0.796775799690903	-0.773408661444706
3.41854148385974	0.778048725608701	-1.12969252567761
3.43809379512589	0.75294861784006	-1.42680595221199
3.45764610639203	0.722703089484514	-1.65667606490595
3.47719841765818	0.688637858618874	-1.81669691982016
3.49675072892432	0.652089077109963	-1.90987980495674
3.5163029696364	0.61432696887751	-1.94324343563898
3.53585521034848	0.576434211150944	-1.92485584904826
3.55540745106057	0.539335860435176	-1.86375866424349
3.57495969177265	0.503772966677358	-1.76931896341954
3.59958850372924	0.46202136558363	-1.61626971906014
3.62421731568584	0.424370356855601	-1.43754923268814
3.64884612764243	0.391322068426473	-1.24402112279354
3.67347493959902	0.363145439199261	-1.04387700990626
3.70975243745314	0.330659573521932	-0.748153373608159
3.74602993530726	0.308785221970233	-0.458949506218206
3.78230743316137	0.297206716509488	-0.180955790909933
3.81858493101549	0.295497991378892	0.0842545341734326
3.87273100422656	0.310242225089553	0.455483437291935
3.92687707743763	0.344450948161198	0.796797996501818
3.9810231506487	0.395912105624834	1.09348270935949
4.03516922385977	0.461263983303941	1.30922239395739
4.06942045755219	0.507553550720728	1.37965340335714
4.10367169124461	0.555022693819294	1.37751415587305
4.13792292493703	0.600871496651771	1.28706856381702
4.17217415862945	0.641996011626923	1.09928051867219
4.19826233741426	0.668128730319755	0.890787736068494
4.22435051619907	0.688151891812831	0.63477110423332
4.25043869498388	0.700937655141107	0.344648652673322
4.27652687376869	0.705891473733858	0.0372961118273463
4.3026150525535	0.702886427499868	-0.267310127875757
4.32870323133831	0.69221488014239	-0.5483010245269
4.35479141012312	0.674651233347579	-0.789122159650636
4.38087958890793	0.651423291160815	-0.978890534615363
4.40226255251848	0.629204290306195	-1.09257540507362
4.42364551612903	0.604967728798889	-1.16830098072852
4.44502847973958	0.579504889746795	-1.20784465072347
4.46641144335014	0.553547541010145	-1.21477828068454
4.49092768766993	0.524016933638816	-1.18857621156654
4.51544393198973	0.495509808004413	-1.13237737897642
4.53996017630952	0.468682196737369	-1.05294265749232
4.56447642062932	0.444022654177424	-0.956693285747213
4.59709794774226	0.415137814279922	-0.811937091991802
4.6297194748552	0.391161128954197	-0.656522857391453
4.66234100196814	0.372331609995719	-0.497555067268963
4.69496252908109	0.358686466699448	-0.339990306204155
4.7441639872004	0.347633214755327	-0.111395399298336
4.79336544531972	0.347466567648104	0.101723418460724
4.84256690343903	0.357318080778154	0.294908994204741
4.89176836155835	0.376087241209444	0.463464503372357
4.94096981967767	0.402458770961591	0.601539923174495
4.99017127779698	0.434645087191499	0.698018292463942
5.0393727359163	0.470255051342299	0.740295046909689
5.08857419403562	0.50635336875784	0.715995517563897
5.12497113510893	0.531387316406153	0.649166781227624
5.16136807618225	0.553196992929253	0.541011059466964
5.19776501725556	0.570300604909431	0.396014282179067
5.23416195832888	0.581584780569587	0.222420861365582
5.26111091704536	0.585718905814065	0.0827224458320878
5.28805987576184	0.58604552310221	-0.0590427641604225
5.31500883447832	0.582577872287814	-0.196528688257833
5.3419577931948	0.575522320811145	-0.3240359249611
5.36890675191128	0.565232735937972	-0.436713365147152
5.39585571062776	0.552154396297647	-0.530964849455395
5.42280466934425	0.536806390911606	-0.604678384816451
5.44975362806073	0.519748820595884	-0.657368611020467
5.47797821124736	0.500668044966718	-0.690940607623215
5.50620279443399	0.480934114158251	-0.704222065037338
5.53442737762063	0.461084644259627	-0.699771116390989
5.56265196080726	0.441573100838243	-0.680699604916368
5.59687112443755	0.418892202865155	-0.642615534353062
5.63109028806785	0.397726107539545	-0.592758854552037
5.66530945169814	0.378405098731359	-0.535527561868742
5.69952861532843	0.361118526271326	-0.474630863600024
5.74830480579435	0.340118824595647	-0.386966392255173
5.79708099626026	0.323315540440589	-0.302742251334403
5.84585718672618	0.310464083297983	-0.225218449646524
5.8946333771921	0.301204841853967	-0.156054812017645
5.95138651989053	0.294374344392588	-0.086681792656354
6.00813966258896	0.291149284476701	-0.0289037337937619
6.0648928052874	0.290888409124065	0.0179597950974406
6.12164594798584	0.292989000500465	0.0544472506061619
6.17839909068427	0.296884281010543	0.0811556397304577
6.23515223338271	0.302038062914769	0.0988628126465173
6.29190537608114	0.307947601473841	0.108085958661378
6.34865851877958	0.314143734548655	0.109094198288382
6.40340387133825	0.31997333143778	0.102544148843197
6.45814922389692	0.325253852783972	0.0891856165659535
6.51289457645559	0.329624500837997	0.0696294172506994
6.56763992901426	0.332770351437732	0.0445689987299224
6.6264933728197	0.334472991864823	0.0124900942989915
6.68534681662513	0.334166648406304	-0.0234975579269248
6.74420026043057	0.331658813153054	-0.0620280138776789
6.803053704236	0.32683667421452	-0.101896683563295
6.8772126208655	0.317384046900584	-0.152461253474626
6.951371537495	0.304218028636318	-0.202491392519479
7.0255304541245	0.287370196841336	-0.252426485671767
7.09968937075401	0.266756695451087	-0.304119148518796
7.17384828738351	0.242110186388142	-0.361179902890941
7.24800720401301	0.212909600879601	-0.429037233251945
7.32216612064251	0.17804853953314	-0.51577459757407
7.39632503727201	0.135680106727838	-0.632734087796069
7.45140292047266	0.0977894841378308	-0.747983187324569
7.50648080367331	0.0526679971020529	-0.896938304906866
7.56155868687395	-0.00180458355331495	-1.08911021592305
7.6166365700746	-0.0682776039635505	-1.33426759773507
7.65578359438615	-0.124452509552604	-1.54450031868993
7.69493061869769	-0.189537743576673	-1.78449251110927
7.73407764300924	-0.264511812168459	-2.04426344348319
7.77322466732079	-0.349606437443866	-2.30018628240304
7.81237169163234	-0.444104126974802	-2.51477637895387
7.85151871594389	-0.544887391913708	-2.60875787511181
7.89066574025544	-0.645558790734841	-2.49380062780843
7.92981276456699	-0.736428773912649	-2.09253193454558
7.95090694733427	-0.777084869937144	-1.73894080062566
7.97200113010156	-0.809300475424049	-1.29858056582564
7.99309531286885	-0.831367770530211	-0.790596454542739
8.01418949563613	-0.842246203166662	-0.241960909324008
8.03528367840342	-0.841512814594322	0.312941360064428
8.05637786117071	-0.829366097466543	0.835837201373931
8.07747204393799	-0.806729416856895	1.29516494931264
8.09856622670528	-0.775234523516623	1.66884807804357
8.11601376987066	-0.743959112723134	1.90435270045809
8.13346131303604	-0.709179680106407	2.07171379091246
8.15090885620142	-0.67205787151482	2.17351931762997
8.16835639936681	-0.633679789912935	2.21596067365933
8.18801293169301	-0.590151191965694	2.2031450807022
8.20766946401922	-0.547412093314267	2.13748241184492
8.22732599634542	-0.506386873938745	2.03080906376866
8.24698252867162	-0.467771440540255	1.89431631232856
8.27249262024396	-0.422029604242191	1.68828212558196
8.2980027118163	-0.381800305537588	1.46317455559796
8.32351280338864	-0.347430181735832	1.23020140943243
8.34902289496098	-0.319032363224192	0.996951829667103
8.38751570059646	-0.287315646372827	0.65357022494262
8.42600850623195	-0.268528918647762	0.32484085633761
8.46450131186744	-0.262089160660746	0.0120185110112395
8.50299411750293	-0.267411040210413	-0.285949782023436
8.54583644653804	-0.286475711838522	-0.602003224506509
8.58867877557315	-0.318804075211727	-0.901799131814177
8.63152110460826	-0.363482514246124	-1.17795204053864
8.67436343364337	-0.419107542505673	-1.41234213533269
8.71720576267848	-0.483592653393332	-1.57858905078908
8.76004809171359	-0.552753867966417	-1.6275463758308
8.8028904207487	-0.620585103712721	-1.51328970566049
8.84573274978382	-0.67962829839524	-1.2090882928263
8.87006818099697	-0.706081924379303	-0.950647543245317
8.89440361221013	-0.725591452823056	-0.642840864550019
8.91873904342329	-0.737090178218102	-0.302189537889801
8.94307447463645	-0.740097080138874	0.0514857812272638
8.9674099058496	-0.734635159658291	0.395617568329371
8.99174533706276	-0.72116320774689	0.707734473529836
9.01608076827592	-0.700614238853232	0.970628490509537
9.04041619948907	-0.674349382379983	1.17368217038974
9.06073657275233	-0.649195204626882	1.29421900080277
9.08105694601558	-0.622048354474973	1.37069368153743
9.10137731927884	-0.593775636814991	1.40580133220678
9.12169769254209	-0.565166869356186	1.40414579073878
9.14515877550595	-0.532622056297235	1.36388521388618
9.16861985846981	-0.501427059300795	1.29031211316853
9.19208094143367	-0.472274035736954	1.19136348194252
9.21554202439752	-0.44567025866792	1.0743870569272
9.24712540729387	-0.414467705906424	0.899156825385646
9.27870879019022	-0.38898483972673	0.712968217305135
9.31029217308656	-0.369451935239421	0.523640252870487
9.34187555598291	-0.35588782801752	0.336451924232472
9.39185932122	-0.346244131067837	0.0517541170639103
9.44184308645709	-0.350386277981921	-0.213661293417883
9.49182685169417	-0.367194857943313	-0.453602814417819
9.54181061693126	-0.395179972831618	-0.659896821748508
9.59179438216835	-0.432476507689709	-0.821677276769638
9.64177814740544	-0.476250846164232	-0.916599859149977
9.69176191264253	-0.522567779242722	-0.921635432687413
9.74174567787962	-0.566539173486338	-0.81888620660107
9.77335128776297	-0.590623981165749	-0.693855066563191
9.80495689764633	-0.610051076792835	-0.527094007767325
9.83656250752969	-0.62358009714679	-0.327558301571818
9.86816811741305	-0.630445924262571	-0.107512637835382
9.89276633873309	-0.630938004527004	0.0679364940638179
9.91736456005313	-0.62716867129508	0.237857244763233
9.94196278137317	-0.61934736184891	0.394914173440214
9.9665610026932	-0.607875432589821	0.533187897937468
9.99115922401324	-0.593290750642482	0.648314870500539
10.0157574453333	-0.576193633596692	0.737695374432126
10.0403556666533	-0.557224082764379	0.800462160549621
10.0649538879734	-0.537023472622113	0.837540436190365
10.0915117470608	-0.514537371828643	0.851323593570941
10.1180696061483	-0.492012892722408	0.841189787385065
10.1446274652358	-0.470035054198742	0.811086997082671
10.1711853243232	-0.44907437733601	0.765268015773277
10.2046014074436	-0.42469333219635	0.691529910447916
10.238017490564	-0.402987769494887	0.605813142812789
10.2714335736844	-0.384272528304137	0.513526612286286
10.3048496568048	-0.368696126189434	0.418931717638261
10.3595472502848	-0.349979335035061	0.266628800285294
10.4142448437648	-0.339349975779123	0.123534843711585
10.4689424372448	-0.336196568527711	-0.0058728833223009
10.5236400307248	-0.339708525596364	-0.119286169118433
10.5789805379911	-0.349101860417828	-0.216442501136986
10.6343210452575	-0.363333086802663	-0.293595473568517
10.6896615525239	-0.381182980634566	-0.34781850497802
10.7450020597903	-0.401298813365778	-0.375213701188706
10.8038204024776	-0.423503389450353	-0.370320589375623
10.8626387451649	-0.444291961279692	-0.328659348425338
10.9214570878522	-0.461445540789897	-0.251789594153706
10.9802754305395	-0.473159009784018	-0.144430712411046
11.0178334097697	-0.477109353417507	-0.0644185216461233
11.0553913889999	-0.477974707644513	0.0190985383266438
11.09294936823	-0.475685251649657	0.101957645979779
11.1305073474602	-0.470351320756253	0.180370483336812
11.1680653266904	-0.46222013765961	0.251047674806497
11.2056233059206	-0.451625171037431	0.311560664301668
11.2431812851507	-0.4389681823588	0.360540589062536
11.2807392643809	-0.424686853183681	0.397748384059059
11.3196981162322	-0.408628848599998	0.42466085543323
11.3586569680834	-0.39173434536601	0.441075951809701
11.3976158199347	-0.374375395594825	0.448859014772217
11.4365746717859	-0.356844381324094	0.450205858917926
11.4840963671619	-0.335526968377793	0.446428380789181
11.5316180625379	-0.314461537706858	0.440017970528276
11.5791397579139	-0.293693894304958	0.434186026936027
11.6266614532899	-0.273135482890677	0.431737625394974
11.6872880505821	-0.246828918094987	0.43725497046851
11.7479146478743	-0.219809058572716	0.456240088477862
11.8085412451664	-0.191153868708989	0.493000775682774
11.8691678424586	-0.159611394942307	0.552330405371004
11.9338827231713	-0.120955915019365	0.647079914661628
11.9985976038839	-0.0748857479020381	0.784272030076444
12.0633124845966	-0.0182817925793561	0.976531841479181
12.1280273653092	0.0529504134203873	1.23858673066648
12.167946091769	0.106253381494711	1.44079052972194
12.2078648182287	0.16836132673991	1.67557790566942
12.2477835446885	0.24044265494626	1.93577939116727
12.2877022711482	0.323054344654031	2.20221637701941
12.327620997608	0.415889844983789	2.44209143157492
12.3675397240677	0.516645834716963	2.58360685847491
12.4074584505274	0.619690470822699	2.53887094999461
12.4473771769872	0.715745116103576	2.21838420497463
12.4686697580482	0.759935902666045	1.90857425450382
12.4899623391093	0.796475349649628	1.5054773458636
12.5112549201704	0.823456384323745	1.02359971217737
12.5325475012315	0.83955449368859	0.486591187790247
12.5538400822925	0.844012919119355	-0.0728621755455369
12.5751326633536	0.836687339533325	-0.614981301456279
12.5964252444147	0.818223042786008	-1.104908071242
12.6177178254758	0.790084283058396	-1.51616963752744
12.6349633278236	0.76156827182195	-1.77949874968016
12.6522088301713	0.729092800937245	-1.97628608848096
12.6694543325191	0.693794593178615	-2.10708630449055
12.6866998348669	0.65676930421142	-2.17644444543643
12.7058691634821	0.614815851345988	-2.19025166780531
12.7250384920974	0.573156314262586	-2.14763227627561
12.7442078207126	0.532767941548324	-2.05966698934538
12.7633771493278	0.494413252030046	-1.93733219162333
12.7877487453818	0.449454005631527	-1.74747580011371
12.8121203414358	0.409438328920604	-1.53285788243494
12.8364919374898	0.374831080024696	-1.30514712153097
12.8608635335438	0.34585631332516	-1.07272587671973
12.8973096332413	0.313083568105716	-0.727270970820794
12.9337557329388	0.29273369319155	-0.390951453419786
12.9702018326362	0.284416142673217	-0.0672351629905954
13.0066479323337	0.287669618277647	0.243305444409365
13.0614285312224	0.313186287265849	0.684555902182949
13.1162091301112	0.362291091526728	1.09225878885882
13.1709897289999	0.432037514217842	1.43676421952789
13.2257703278886	0.517127082950403	1.65034697023671
13.256982005137	0.569355102522447	1.67647535863087
13.2881936823854	0.620896093992464	1.60723741310237
13.3194053596337	0.668482913136103	1.42798119157664
13.3506170368821	0.708737969990691	1.13533472336676
13.3731228667173	0.731322078619413	0.859564263633737
13.3956286965524	0.747200107857914	0.54342572217697
13.4181345263876	0.755594575408902	0.203279294540031
13.4406403562228	0.756233348847147	-0.14233853992415
13.4631461860579	0.749271884632835	-0.473448511720372
13.4856520158931	0.735217100997673	-0.771053146755973
13.5081578457283	0.714945757270279	-1.02071421538393
13.5306636755634	0.689658195035951	-1.21367051390272
13.5502998162184	0.664575808407492	-1.33298714312218
13.5699359568733	0.637602336884757	-1.40716867742665
13.5895720975282	0.609596932292345	-1.43889794958343
13.6092082381831	0.581344125174569	-1.43274862476895
13.6320362497337	0.549100559854602	-1.38541567927821
13.6548642612844	0.518355009529164	-1.30279213082901
13.677692272835	0.489825014787456	-1.1929926356172
13.7005202843856	0.464041754356893	-1.06358033465945
13.7315139381535	0.434066186734147	-0.867762953598371
13.7625075919213	0.410377233533546	-0.658856347813061
13.7935012456892	0.393259486475632	-0.445428494561769
13.8244948994571	0.382758456160032	-0.233508191031801
13.8711534902531	0.379079678629068	0.0746471122943343
13.9178120810492	0.389348343006777	0.361689006281952
13.9644706718452	0.412356917995604	0.616877466478062
14.0111292626413	0.446258489158235	0.826698463470943
14.0516014162228	0.482619020202148	0.958641969107233
14.0920735698042	0.52301995715206	1.02504475951918
14.1325457233857	0.564446291474543	1.00919496929649
14.1730178769671	0.60339124690534	0.899690167402348
14.2026240045368	0.628115580686752	0.757852774551791
14.2322301321065	0.647908187303411	0.569908973765164
14.2618362596762	0.66149306677917	0.34640668858978
14.2914423872459	0.668108307814223	0.101498365277344
14.3142895304354	0.668232186892658	-0.0909469928122693
14.3371366736249	0.664025857817746	-0.276362372681291
14.3599838168143	0.655723830118691	-0.446798957613818
14.3828309600038	0.643753434577447	-0.595870146313887
14.4056781031933	0.628678675865528	-0.718888047084052
14.4285252463828	0.611125945234277	-0.813031685855081
14.4513723895722	0.591762139039091	-0.877334494448856
14.4742195327617	0.571255979987551	-0.912760564834687
14.4988330477703	0.54862072964667	-0.921349423022876
14.5234465627789	0.52611857998907	-0.902777833541232
14.5480600777874	0.5043694989668	-0.86124810380308
14.572673592796	0.483877859185059	-0.801335924169207
14.6039541195291	0.460258195396904	-0.705574929535409
14.6352346462622	0.439885908230536	-0.594572464303049
14.6665151729953	0.423148919433142	-0.474592027737909
14.6977956997284	0.410243810544621	-0.350744630982451
14.7340140785096	0.40013938285514	-0.207461422214568
14.7702324572907	0.395159968298409	-0.0682143501305585
14.8064508360718	0.395104315650103	0.0635773977519814
14.842669214853	0.399648709298204	0.185151730172596
14.8788875936341	0.408371581464871	0.294075938581545
14.9151059724153	0.420767427264953	0.387443781180218
14.9513243511964	0.436212346118936	0.462129833871856
14.9875427299776	0.453972529426302	0.514814199018543
15.0347280978005	0.479236823415779	0.545087086759673
15.0819134656234	0.504732108343442	0.525877779662663
15.1290988334463	0.528004244883286	0.454600866520714
15.1762842012692	0.546755312658298	0.334078452667897
15.2062998086263	0.555360578694631	0.235990527895748
15.2363154159834	0.56083947605226	0.126930314721066
15.2663310233405	0.562923109209512	0.0122558724610025
15.2963466306976	0.56154758613821	-0.102451621862665
15.3263622380548	0.556817037016685	-0.211602196398872
15.3563778454119	0.548964010854207	-0.310080771303793
15.386393452769	0.538355687674661	-0.39397206247322
15.4164090601261	0.525472169082633	-0.460855310049856
15.4448245614186	0.511672006064675	-0.507550225350884
15.473240062711	0.496778645008204	-0.538114595821034
15.5016555640035	0.481238604121654	-0.553387251107885
15.530071065296	0.465461241863334	-0.554938654785872
15.5637472635647	0.446951194856806	-0.541772886256332
15.5974234618335	0.429115267946948	-0.515449720403127
15.6310996601022	0.412344419291606	-0.479258672509632
15.664775858371	0.39691535303523	-0.436346874078694
15.7105795383091	0.378386537950061	-0.372025399261652
15.7563832182473	0.362868197722925	-0.305281657132255
15.8021868981854	0.350391205574665	-0.239878400049323
15.8479905781235	0.340836559213069	-0.17838326065281
15.9205621658973	0.331116433577697	-0.0925433036946886
15.993133753671	0.327043800285885	-0.0226992675758813
16.0657053414447	0.327409754003797	0.0303169148154004
16.1382769292184	0.331000254221841	0.0660976237596336
16.1869300949791	0.334601592619657	0.0805634768040273
16.2355832607398	0.338727573778772	0.0877488518991122
16.2842364265004	0.343026287720317	0.0879315344265109
16.3328895922611	0.347169244648261	0.0814219754509009
16.3815427580218	0.350847600901311	0.0686516031825036
16.4301959237825	0.353764924419284	0.0503173570094137
16.4788490895432	0.35566580765934	0.0272134262908321
16.5275022553039	0.356344042697838	0.000215296739855542
16.5811127591835	0.355481863593931	-0.0328669655485026
16.6347232630631	0.352785454451973	-0.0680424170008438
16.6883337669427	0.348173705901173	-0.104041935672764
16.7419442708223	0.341630937736655	-0.139844748180203
16.8165695361016	0.329366486231052	-0.187979613361868
16.8911948013808	0.313618951370151	-0.233748748029165
16.9658200666601	0.294528773151878	-0.27824463028468
17.0404453319394	0.272075811316367	-0.324035191540505
17.127401980076	0.241269824026836	-0.384889339334814
17.2143586282127	0.204596671425085	-0.462929899676819
17.3013152763493	0.159927925336206	-0.572749707735052
17.3882719244859	0.10351569135707	-0.735287571287693
17.4372075066208	0.0646025684398688	-0.860319446664779
17.4861430887558	0.0187849403068052	-1.01832352947196
17.5350786708907	-0.0357208662462256	-1.21615889627124
17.5840142530256	-0.10099333524904	-1.45951734562226
17.6226643387113	-0.16157725735908	-1.68478217765547
17.6613144243971	-0.231491582581023	-1.93543591815407
17.6999645100828	-0.31141156417281	-2.1952143309234
17.7386145957685	-0.40094579341374	-2.43063414557993
17.7772646814542	-0.498524104328308	-2.5938986651397
17.8159147671399	-0.599316464267951	-2.59053397828683
17.8545648528256	-0.69525526320026	-2.332283306146
17.8932149385113	-0.775624351335298	-1.76843198803913
17.913843242616	-0.807901272896711	-1.34078291836803
17.9344715467207	-0.830597500632829	-0.846296933613453
17.9550998508254	-0.842524283216872	-0.311369693111219
17.9757281549302	-0.84325793009818	0.233314669744594
17.9963564590349	-0.833026614890053	0.753786087537187
18.0169847631396	-0.812614536373289	1.21794587739016
18.0376130672443	-0.783360295665865	1.60247589540237
18.058241371349	-0.747075104999487	1.89442502197404
18.0759462489891	-0.711885062271055	2.06866204957835
18.0936511266291	-0.674223048825464	2.17521416584017
18.1113560042692	-0.635233888818558	2.2198832725567
18.1290608819093	-0.595934861983884	2.21107165525089
18.1496220542392	-0.551049925879127	2.14637104030982
18.1701832265692	-0.507983954862654	2.03589414226135
18.1907443988991	-0.467552498243572	1.89210218124784
18.2113055712291	-0.430329731164085	1.72594118505891
18.2390438863723	-0.385816814639209	1.48156515521038
18.2667822015155	-0.34823922821801	1.22661257160072
18.2945205166587	-0.317758179272941	0.970861375548964
18.3222588318019	-0.294326294072034	0.720131693139468
18.3658144967852	-0.271263711819757	0.342374468910447
18.4093701617686	-0.264226624089975	-0.0158509622576396
18.4529258267519	-0.272390038064675	-0.356124547095982
18.4964814917352	-0.294990911528807	-0.679148015898396
18.5473419526277	-0.338569583184722	-1.03129997271747
18.5982024135202	-0.399247402582334	-1.3395654390184
18.6490628744127	-0.473616059698717	-1.56355381613835
18.6999233353052	-0.555672097876043	-1.63682727936277
18.7307932615249	-0.605573786315718	-1.57288469753611
18.7616631877446	-0.651911584081994	-1.40939437430823
18.7925331139643	-0.691462172093505	-1.14259934646231
18.823403040184	-0.721324058205893	-0.781693732508909
18.8444355241393	-0.734810287702078	-0.494032954661057
18.8654680080945	-0.742023435557542	-0.18815769833728
18.8865004920497	-0.742700293241505	0.121276331769466
18.907532976005	-0.736953945234064	0.419645287380814
18.9285654599602	-0.725200739103784	0.693029304292319
18.9495979439154	-0.708075916610198	0.929815160790834
18.9706304278707	-0.686414941252836	1.12200676644436
18.9916629118259	-0.661202367164354	1.26579989988562
19.0120066094517	-0.63442663302809	1.35870407820111
19.0323503070776	-0.606211197886203	1.40833663590901
19.0526940047034	-0.577397053428398	1.41857341262945
19.0730377023292	-0.5487271807358	1.39476016718462
19.0971763010368	-0.515763704632265	1.33055348120634
19.1213148997443	-0.484734212309645	1.23573062934721
19.1454534984518	-0.45628223035384	1.11855879330494
19.1695920971593	-0.430857672698272	0.986357064298315
19.2031728966397	-0.401031932676759	0.788294603007829
19.2367536961202	-0.377988945332349	0.583087420696896
19.2703344956006	-0.361851985739182	0.378249657803177
19.303915295081	-0.352530865465812	0.178573154693622
19.3561336752763	-0.350964071528922	-0.115645955442887
19.4083520554716	-0.364170759936249	-0.384645773827525
19.4605704356668	-0.390580492018168	-0.619338072861168
19.5127888158621	-0.428013973980754	-0.805592048238102
19.548783492419	-0.458767502092862	-0.89557998357845
19.5847781689758	-0.492017403940631	-0.943416061451961
19.6207728455327	-0.526057741581608	-0.939951341802679
19.6567675220896	-0.558941257274789	-0.877787825265421
19.6927621986464	-0.588581131550324	-0.75242094444621
19.7287568752033	-0.612585738556189	-0.56903051484827
19.7647515517601	-0.62896655268506	-0.339850058832297
19.800746228317	-0.636530957070759	-0.0821687545750932
19.8253445376747	-0.636335887611911	0.0982309690206991
19.8499428470324	-0.631776987341377	0.271523525384871
19.8745411563901	-0.623104460980624	0.430149680548608
19.8991394657478	-0.610764653556098	0.568154136182969
19.9237377751055	-0.595340531075597	0.681307916590069
19.9483360844632	-0.577471189617737	0.767260684998507
19.9729343938209	-0.557828776995721	0.82545578145387
19.9975327031786	-0.537078110958485	0.857173517008289
20.0239964325799	-0.514234598391455	0.864699546025214
20.0504601619812	-0.491519142646465	0.848275584661168
20.0769238913824	-0.469513004903469	0.812066997267332
20.1033876207837	-0.448678329353038	0.760462568703446
20.1371257545401	-0.424358146596271	0.678838103397717
20.1708638882964	-0.402998874147708	0.585624945066658
20.2046020220528	-0.384903442908477	0.486379778270759
20.2383401558091	-0.37020249144287	0.385416649563862
20.2983334609065	-0.352372103644197	0.210380817760693
20.3583267660038	-0.344666872509944	0.0484401237091246
20.4183200711011	-0.346159217810608	-0.0946214445896845
20.4783133761985	-0.355602595741343	-0.215418015882774
20.5288635243282	-0.368675686927898	-0.297955726034324
20.579413672458	-0.385403563495419	-0.359539986287072
20.6299638205877	-0.404617435467978	-0.396777788895902
20.6805139687175	-0.425015269768591	-0.405982859061796
20.729154174367	-0.444437039433523	-0.385314587136616
20.7777943800165	-0.462105948146738	-0.335209942011847
20.8264345856661	-0.476582899454501	-0.257688213417049
20.8750747913156	-0.486714443174787	-0.157190291413619
20.9103845065285	-0.490825095025586	-0.074106499592096
20.9456942217414	-0.491923923692965	0.0126456049884323
20.9810039369544	-0.489939737723211	0.0989039446077735
21.0163136521673	-0.484971299798157	0.180832794497715
21.0516233673802	-0.477248148119104	0.255052514061963
21.0869330825931	-0.467085196423633	0.318979224500432
21.1222427978061	-0.454867891303625	0.371049472833995
21.157552513019	-0.441023219356249	0.41081162525792
21.194284509752	-0.425364432898746	0.439642716046488
21.231016506485	-0.408866127605583	0.45690031343608
21.267748503218	-0.391921643429129	0.464305572664433
21.3044804999511	-0.37485239054033	0.46396832414395
21.3491702748133	-0.354268346141053	0.456335527332731
21.3938600496756	-0.334138501332604	0.444050571887408
21.4385498245378	-0.314598476413087	0.430268979322031
21.4832395994001	-0.29565870176283	0.417712334849723
21.5406589335411	-0.272013991838447	0.406894625122288
21.5980782676821	-0.248743281363974	0.405211508521666
21.6554976018231	-0.225245019697505	0.415717248448654
21.7129169359641	-0.200727806595467	0.441279086225673
21.7840600633916	-0.167366654164864	0.498247302081647
21.855203190819	-0.128814468382604	0.590591810295358
21.9263463182464	-0.0822679419419424	0.729728619450403
21.9974894456739	-0.0236993784910406	0.93091556504114
22.0546042801091	0.0351172140706352	1.14869407277446
22.1117191145443	0.108495004672826	1.43259870358801
22.1688339489796	0.20024489373155	1.77996140127667
22.2259487834148	0.312726602901197	2.15830790088839
22.2620692156395	0.39479146165957	2.38166870142751
22.2981896478642	0.483986919387127	2.54079100147168
22.334310080089	0.576887955762868	2.57476462909666
22.3704305123137	0.667665036783071	2.41333759181515
22.3959590110317	0.72629238462324	2.14376754519924
22.4214875097497	0.776186207070867	1.73737812456119
22.4470160084677	0.81386888591487	1.20687581317785
22.4725445071858	0.836766878333394	0.582635924270079
22.4911207296607	0.843129319729194	0.0980702719663423
22.5096969521356	0.840493976853804	-0.382137819546831
22.5282731746105	0.829119666483023	-0.833835384272118
22.5468493970854	0.80976293034816	-1.23659894964889
22.5654256195604	0.783540131388937	-1.57462400658895
22.5840018420353	0.751732778347497	-1.83851620991808
22.6025780645102	0.715733070447688	-2.02495650994103
22.6211542869851	0.67695273367641	-2.13688193285174
22.6397908376635	0.636609424388304	-2.18180425341991
22.6584273883418	0.59599185035422	-2.1681115885073
22.6770639390202	0.556100361849445	-2.10582313594395
22.6957004896985	0.517740835596771	-2.00538922601762
22.7190313796132	0.472809280901117	-1.8406954634858
22.7423622695278	0.432082184184396	-1.6463240187211
22.7656931594425	0.396115120994652	-1.4343030096582
22.7890240493572	0.365219360609948	-1.21373120473453
22.8231417239298	0.329378858784616	-0.888037804571547
22.8572593985025	0.304572002763069	-0.567012708361244
22.8913770730751	0.290557731153244	-0.255801031005198
22.9254947476477	0.286983013511922	0.0439476102787966
22.976075190622	0.299986650398812	0.466839724841959
23.0266556335962	0.333936135340715	0.865576768060356
23.0772360765704	0.387108868183076	1.22703735297495
23.1278165195447	0.456716741620566	1.5150064598015
23.1579588553952	0.504263542873363	1.62840621839134
23.1881011912457	0.55427737187198	1.67672841463267
23.2182435270962	0.604492233463234	1.64172811291563
23.2483858629467	0.652210621034438	1.50828071357426
23.2785281987972	0.694473750381335	1.26647862704713
23.3086705346477	0.727840229307349	0.926125746454672
23.3388128704983	0.749507595533854	0.510783887696365
23.3689552063488	0.757930173338433	0.0530534527847113
23.389169763133	0.755876824811513	-0.255545206681938
23.4093843199173	0.747745803869319	-0.546498196845234
23.4295988767015	0.733997410645404	-0.807089149035292
23.4498134334858	0.715357821371934	-1.02780683006276
23.47002799027	0.692730821896085	-1.20249549007389
23.4902425470543	0.667072365820097	-1.32842095748058
23.5104571038385	0.639360411699283	-1.405867127705
23.5306716606228	0.610538416244411	-1.43812977563957
23.5523161569471	0.579434633811438	-1.42857814210184
23.5739606532715	0.548973073937848	-1.38005553005284
23.5956051495958	0.519922500130704	-1.29979744708716
23.6172496459202	0.492887497626857	-1.1950720691234
23.645446509634	0.461422636546907	-1.03270166992637
23.6736433733479	0.43482425710064	-0.850959451121734
23.7018402370618	0.413523053503271	-0.658686048504722
23.7300371007756	0.397720708381787	-0.462567091525659
23.7659827255551	0.385569248635939	-0.214005029780415
23.8019283503345	0.382239851475836	0.0274834560801787
23.837873975114	0.387397588888965	0.256894815616712
23.8738195998934	0.400520050453752	0.469704347462628
23.9097652246728	0.420916830322332	0.661048180197107
23.9457108494523	0.44770346327536	0.823317398215902
23.9816564742317	0.479653036630962	0.946939173178774
24.0176020990111	0.515174902512216	1.02062108007459
24.0622521503921	0.561447337940525	1.02463688899228
24.1069022017731	0.60525262921584	0.915231785113268
24.151552253154	0.641320325310086	0.689943148133785
24.196202304535	0.665093602513655	0.364737169333892
24.2205968293079	0.671521854843802	0.158975055346635
24.2449913540808	0.672849853319907	-0.0514295952498716
24.2693858788536	0.669067686866879	-0.255562660069886
24.2937804036265	0.660475387019905	-0.44353683789258
24.3181749283994	0.647605435575704	-0.606902686281911
24.3425694531722	0.631125622522176	-0.739449815544212
24.3669639779451	0.611819409205084	-0.837633752038018
24.391358502718	0.590534271058315	-0.900862198911344
24.4149285355393	0.568890580733195	-0.93037575229551
24.4384985683606	0.546895547432724	-0.931441870464611
24.462068601182	0.525181148456367	-0.907523587087774
24.4856386340033	0.504283328536397	-0.862743401489061
24.5146891052803	0.480292540366157	-0.785115654904857
24.5437395765572	0.458838328863959	-0.689002445355577
24.5727900478342	0.440377183560337	-0.580462414849627
24.6018405191112	0.425190350293577	-0.464699502803724
24.6380763796874	0.41103161690961	-0.31627568418188
24.6743122402637	0.402249806919002	-0.168516837403009
24.7105481008399	0.398750772257542	-0.0258876578798597
24.7467839614162	0.40028119935992	0.108205757820245
24.7830198219924	0.406466424898113	0.231034741509187
24.8192556825686	0.416854143847921	0.339582468795596
24.8554915431449	0.43086651827772	0.430626939329896
24.8917274037211	0.447807459994244	0.500709327947263
24.9357331749106	0.471174506404509	0.552558051344193
24.9797389461	0.495867301326788	0.561394815773281
25.0237447172895	0.519860163668828	0.522753421415552
25.067750488479	0.54110679236011	0.435994097953443
25.1000164240056	0.553776595484516	0.344070509842958
25.1322823595321	0.563151541034636	0.233310011100973
25.1645482950587	0.568690456014119	0.109774671895366
25.1968142305853	0.570128501259546	-0.0195743862435918
25.2290801661118	0.567434117666193	-0.147094194087861
25.2613461016384	0.560765387882062	-0.265128200511247
25.293612037165	0.550503511404225	-0.367524370555181
25.3258779726916	0.537235455272044	-0.450135666515405
25.353589186566	0.523980257339362	-0.503582028382708
25.3813004004405	0.509477322208754	-0.540469729765559
25.409011614315	0.494177834780678	-0.561329733142439
25.4367228281894	0.478504465397323	-0.567515698075747
25.4691187508009	0.460217051880197	-0.558669096866103
25.5015146734123	0.442458315746134	-0.535436333606162
25.5339105960237	0.425645742432423	-0.501018878271837
25.5663065186352	0.410087234334008	-0.458583547624067
25.609684557799	0.391570859585329	-0.394073736824971
25.6530625969629	0.375954362302314	-0.325335432127174
25.6964406361267	0.363341678946106	-0.256361021181203
25.7398186752906	0.353679894354918	-0.190031330612611
25.8064856814513	0.344182690130782	-0.097291126622622
25.873152687612	0.340405438105284	-0.0185235046764463
25.9398196937726	0.341349979509927	0.0443521986229411
26.0064866999333	0.345933835479092	0.0903236441140454
26.0581991523285	0.35127288034765	0.114107605879382
26.1099116047238	0.357568508400425	0.127418490025881
26.161624057119	0.36427088473592	0.130321216871967
26.2133365095142	0.37085664577081	0.122980373039579
26.2650489619094	0.376823868222042	0.105849547992794
26.3167614143046	0.38167173840258	0.0800583999880847
26.3684738666998	0.384977276746725	0.0470320415442754
26.420186319095	0.386422658535416	0.00842448248772253
26.4707479729374	0.385818033975507	-0.0328360015824537
26.5213096267798	0.383086274675857	-0.0754573256352114
26.5718712806222	0.378198268763464	-0.117618099793488
26.6224329344646	0.371218036705122	-0.157861171148607
26.6773730422736	0.361415946146915	-0.198185701950122
26.7323131500826	0.349516522486872	-0.234382307880188
26.7872532578916	0.335741441753807	-0.266569039390632
26.8421933657006	0.320285891032855	-0.29554630008278
26.9150234072209	0.297445485548427	-0.331525318726694
26.9878534487411	0.271981461093509	-0.368763025227124
27.0606834902614	0.243581707826986	-0.412822702906738
27.1335135317816	0.211502182680929	-0.470621848251627
27.1992541225006	0.17829971203635	-0.541642299047468
27.2649947132195	0.139655932265816	-0.638885090058987
27.3307353039385	0.0935178303206521	-0.77327010553714
27.3964758946574	0.0369236113314219	-0.958870877695963
27.4407052152063	-0.00890392120570891	-1.12075738916533
27.4849345357552	-0.0627257252578525	-1.31933544531869
27.529163856304	-0.126228289062589	-1.55705428493537
27.5733931768529	-0.201027509301051	-1.83065287434851
27.6176224974018	-0.288218217261856	-2.12503098286782
27.6618518179506	-0.388615084843695	-2.40432414457575
27.7060811384995	-0.499924864841635	-2.59478158412573
27.7503104590484	-0.615273028538982	-2.57590494683241
27.77731761307	-0.682960856637163	-2.39937707875593
27.8043247670917	-0.743735231644441	-2.07064080275778
27.8313319211133	-0.79330960156179	-1.58687013343596
27.858339075135	-0.827988783722486	-0.968176914861809
27.8772382883162	-0.841752634987367	-0.479511046886871
27.8961375014975	-0.84608611438194	0.0248334322169327
27.9150367146788	-0.840888992587084	0.518215529895
27.9339359278601	-0.826652422347032	0.975952341956952
27.9528351410413	-0.804319053314216	1.37652952504152
27.9717343542226	-0.775099658584065	1.70468357315601
27.9906335674039	-0.740415373140084	1.95226713456967
28.0095327805851	-0.701799679335466	2.11872049772975
28.0277055788134	-0.662387454202023	2.20732817951085
28.0458783770417	-0.621950668778181	2.23326152891002
28.06405117527	-0.581546137012034	2.20559855322962
28.0822239734982	-0.542052298592203	2.13452389636018
28.1043181818365	-0.496260936830642	2.00406578073971
28.1264123901747	-0.453752066116879	1.83889225615412
28.1485065985129	-0.4151585962594	1.65139695324507
28.1706008068511	-0.380869350345724	1.45144589184979
28.2020871095653	-0.339781639217155	1.15857263454902
28.2335734122795	-0.3079053491996	0.86658122593549
28.2650597149937	-0.285109465276855	0.582322139135372
28.2965460177079	-0.271117257904428	0.308675203914824
28.3429120361482	-0.265773297824669	-0.0745463554502781
28.3892780545886	-0.277782553287207	-0.438519256847742
28.4356440730289	-0.306216466519541	-0.784246502864008
28.4820100914692	-0.350074292102693	-1.10464850689141
28.5273673013428	-0.406583180895851	-1.37909101368605
28.5727245112164	-0.474062443062661	-1.5790893659764
28.61808172109	-0.548005554570771	-1.65579961260583
28.6634389309636	-0.621577004448846	-1.55487669695209
28.689921564659	-0.660871990675691	-1.39325666553528
28.7164041983544	-0.694802045653227	-1.15386478691849
28.7428868320498	-0.721334212758374	-0.844426067381927
28.7693694657452	-0.738925813915579	-0.480679600879061
28.7893327947884	-0.745604953666201	-0.185191325638023
28.8092961238315	-0.746331346435647	0.113359015304668
28.8292594528747	-0.741151087463899	0.401686426913566
28.8492227819178	-0.730409925129048	0.667797001376789
28.869186110961	-0.714683894284377	0.90147136297372
28.8891494400041	-0.694690639758526	1.09523451528891
28.9091127690472	-0.671260316932613	1.24474964277753
28.9290760980904	-0.645286084102971	1.34910954041693
28.9498202796071	-0.616568591061953	1.41174155344363
28.9705644611239	-0.587008651150164	1.43146717857707
28.9913086426407	-0.557443574247874	1.41348691360557
29.0120528241574	-0.528586697756108	1.36404467198566
29.0370297408608	-0.495603383358973	1.27186179687897
29.0620066575641	-0.465271568344626	1.15287266193577
29.0869835742675	-0.438160979740214	1.01546156854026
29.1119604909709	-0.414643244862376	0.866678518692618
29.1485995585817	-0.387046004516578	0.638791246743598
29.1852386261926	-0.367851680882307	0.40864172927749
29.2218776938035	-0.357024029634899	0.183463678291578
29.2585167614144	-0.354300857250373	-0.0323474908898514
29.3043071516511	-0.361638574258255	-0.285068652316724
29.3500975418879	-0.380054047023259	-0.51394927032402
29.3958879321247	-0.408246589454061	-0.710683543554975
29.4416783223614	-0.44445180693075	-0.862790120880195
29.4759635315728	-0.475454033955228	-0.937667540359683
29.5102487407841	-0.508290565520568	-0.969196985948928
29.5445339499954	-0.541311611283248	-0.949235584268087
29.5788191592068	-0.572684200258445	-0.871850450396923
29.6131043684181	-0.600485271386217	-0.734356580645093
29.6473895776295	-0.622580486837238	-0.543209745478994
29.6816747868408	-0.637241400664524	-0.3111290694466
29.7159599960522	-0.643484667818264	-0.0552114862802554
29.740024126211	-0.642623480621026	0.126709712434694
29.7640882563699	-0.637471983570988	0.300301410038037
29.7881523865288	-0.628302730602657	0.458204837548351
29.8122165166877	-0.615573086244753	0.594710154356322
29.8362806468465	-0.599868146849189	0.705851179875491
29.8603447770054	-0.581823252906416	0.789499679880368
29.8844089071643	-0.562101408888375	0.845266980994358
29.9084730373232	-0.541354506986675	0.874534478390376
29.9313547779924	-0.521238394582471	0.880171200144047
29.9542365186616	-0.501217479515645	0.866749720109944
29.9771182593308	-0.481696877817797	0.837138055436326
30	-0.463010500501006	0.794334791797969
