0	-1.5	0
2.09323869292465e-07	-1.49999999999474	5.02377234270847e-05
4.1864773858493e-07	-1.49999999997897	0.000100475436447194
6.27971607877395e-07	-1.49999999995268	0.000150713139059186
8.3729547716986e-07	-1.49999999991587	0.000200950831261917
1.88391482363218e-06	-1.4999999995741	0.000452139136096682
2.93053417009451e-06	-1.49999999896944	0.00070332718052857
3.97715351655683e-06	-1.49999999810187	0.000954514964414772
5.02377286301916e-06	-1.49999999697141	0.00120570248761248
1.02568695953308e-05	-1.49999998737564	0.00246163618827541
1.54899663276424e-05	-1.49999997120746	0.0037175633503051
2.0723063059954e-05	-1.49999994846691	0.00497348395585095
2.59561597922657e-05	-1.49999991915403	0.00622939798706259
5.21216434538238e-05	-1.49999967400576	0.0125088689033571
7.82871271153819e-05	-1.49999926455427	0.0187881727838456
0.00010445261077694	-1.49999869080398	0.0250673073974446
0.000130618094438498	-1.49999795275933	0.0313462705131946
0.000261445512746289	-1.49999179828085	0.0627384355508375
0.000392272931054079	-1.49998153714578	0.0941259785718478
0.00052310034936187	-1.49996716997703	0.125508620858732
0.000653927767669661	-1.49994869743397	0.156886083790447
0.00130806485920861	-1.4997947797226	0.313685967941298
0.00196220195074757	-1.49953834750866	0.470314637703742
0.00261633904228652	-1.49917952413079	0.62673741467883
0.00327047613382547	-1.49871845556509	0.782919739891375
0.00654116159152024	-1.49488610378056	1.55903718120539
0.009811847049215	-1.48853243887037	2.32405130262317
0.0130825325069098	-1.47970028764971	3.07389750587382
0.0163532179646045	-1.46844553529841	3.80475594279748
0.0239168931801702	-1.43353173965782	5.4035098197356
0.0314805683957359	-1.38711129252075	6.84548838078863
0.0390442436113017	-1.33045318877012	8.10497654858777
0.0466079188268674	-1.26498828979997	9.16893893214839
0.056069967158406	-1.1730019701628	10.2231538911938
0.0655320154899447	-1.07245009617711	10.9871134685033
0.0749940638214834	-0.965911845002138	11.4931818439276
0.0844561121530221	-0.855618900124147	11.7853203392158
0.0958326770817234	-0.720592915778516	11.9223489015025
0.107209242010425	-0.584976675404504	11.8969429020662
0.118585806939126	-0.450239671768471	11.7755448860606
0.129962371867827	-0.317193144178033	11.6111884964971
0.146245467429062	-0.130150480644145	11.3743667219102
0.162528562990296	0.0534911399017258	11.1848407913707
0.17881165855153	0.234529807128076	11.0522570379594
0.195094754112764	0.413536102901121	10.9391624203994
0.213015083136527	0.608083229780817	10.7437990177155
0.23093541216029	0.797183246096139	10.3053615998786
0.248855741184053	0.97482059628315	9.43914807560132
0.266776070207815	1.13190815340179	7.98064171910128
0.278648528266472	1.21908065534784	6.63017250294507
0.290520986325129	1.28837964000249	4.9891534937594
0.302393444383785	1.33654578455508	3.10984555980442
0.314265902442442	1.36141170844973	1.07529029632985
0.326138360501098	1.36188343130888	-1.00240542635583
0.338010818559755	1.33810936086763	-2.99430169339615
0.349883276618411	1.29161133959452	-4.7918493600302
0.361755734677068	1.22525345551068	-6.31693603156774
0.372354302336725	1.15226992902561	-7.41134106731932
0.382952869996382	1.06907726652488	-8.24883816743177
0.393551437656039	0.978305229969855	-8.84295661252277
0.404150005315696	0.882375992423856	-9.22316556198141
0.416040794672835	0.771215047081325	-9.4435757544478
0.427931584029974	0.658461155271525	-9.498119584675
0.439822373387113	0.545776078868334	-9.43836715273275
0.451713162744252	0.434262249422718	-9.30977398043288
0.467623868604605	0.287860954177486	-9.09286197707535
0.483534574464958	0.14491131209738	-8.87638925863998
0.49944528032531	0.00515855526008874	-8.69434395210215
0.515355986185663	-0.131999960414832	-8.55708393382376
0.5354053910698	-0.302141221881169	-8.429905264161
0.555454795953937	-0.469875172636209	-8.2926317450915
0.575504200838074	-0.634029255912814	-8.04553182947386
0.595553605722212	-0.7909894115418	-7.55873454136835
0.612507613355602	-0.913849207045998	-6.85445454948981
0.629461620988992	-1.02179033300876	-5.81261652501261
0.646415628622382	-1.10877539850825	-4.41487914130242
0.663369636255772	-1.16939030670727	-2.70030279059578
0.676550460886845	-1.19535416627839	-1.21291038140194
0.689731285517919	-1.20131626547204	0.319528070977321
0.702912110148992	-1.18711919142037	1.81287597946256
0.716092934780065	-1.15388573633661	3.19079658789608
0.729273759411138	-1.10370830972373	4.38884172050282
0.742454584042211	-1.03919617508451	5.36799125060773
0.755635408673284	-0.963274591707081	6.11412330816893
0.768816233304358	-0.878958195232238	6.63741327551075
0.781739129085607	-0.790908437375757	6.96174299261905
0.794662024866856	-0.699696676552571	7.13248897291594
0.807584920648106	-0.607070879934718	7.1853270306562
0.820507816429355	-0.514333012163782	7.15562651990111
0.836867584479623	-0.398088798650569	7.04893832296194
0.853227352529891	-0.283881698220569	6.90947565493437
0.86958712058016	-0.171962188256236	6.77300641848212
0.885946888630428	-0.0621211962437499	6.66184942315169
0.908858122581868	0.0891625109123975	6.56581515350166
0.931769356533308	0.239134500044224	6.53181253579322
0.954680590484748	0.388749842992506	6.51800616680705
0.977591824436189	0.5374705426599	6.44752607998889
1.0015724680495	0.689956863037243	6.20252300678563
1.02555311166282	0.832543354509665	5.62474024316872
1.04953375527613	0.955798085942148	4.59848744979403
1.07351439888944	1.04899485689181	3.09703210769653
1.08854114744457	1.08714227549179	1.94545998999138
1.1035678959997	1.10717430373124	0.700995788166281
1.11859464455483	1.10810215450414	-0.564604004809142
1.13362139310996	1.09028582201928	-1.77890982985217
1.14864814166509	1.05516139820653	-2.87199334427343
1.16367489022022	1.00491163124603	-3.79153930865629
1.17870163877534	0.942281937611823	-4.50937619074774
1.19372838733047	0.870356202983061	-5.02179002030205
1.20750257017373	0.798924556346799	-5.32525604898122
1.22127675301698	0.724290972645063	-5.49118063859323
1.23505093586024	0.648173379791907	-5.54439149779818
1.2488251187035	0.57194177959967	-5.51168217965102
1.26561813850638	0.480301393835985	-5.39269087715439
1.28241115830927	0.391127136404238	-5.22106486384432
1.29920417811216	0.305052931054503	-5.02661478276124
1.31599719791504	0.222295285445393	-4.83126629364046
1.34103108490686	0.104770301943606	-4.56823421028027
1.36606497189867	-0.0068564032167692	-4.3574477979258
1.39109885889049	-0.113931001516576	-4.20337375943472
1.41613274588231	-0.217709552744965	-4.09551606586933
1.44432212574256	-0.331739654889039	-4.00012886300104
1.47251150560282	-0.442944813080551	-3.88340773055591
1.50070088546307	-0.549938361039544	-3.68553342178247
1.52889026532333	-0.64945480817594	-3.34238263669813
1.55285092175776	-0.72465050829877	-2.89179812047615
1.57681157819219	-0.787011571994275	-2.28140577364899
1.60077223462662	-0.832711639323504	-1.52444983978737
1.62473289106105	-0.85893188232023	-0.659105669529512
1.64348622627966	-0.864668100081036	0.0517919773942593
1.66223956149826	-0.857174913620998	0.746313774294619
1.68099289671687	-0.837032176825558	1.38778219101221
1.69974623193548	-0.805554843318293	1.94752232754178
1.71849956715409	-0.764560869645799	2.40625207401424
1.7372529023727	-0.715995972601982	2.75715059648011
1.75600623759131	-0.66183325756184	3.00299652698985
1.77475957280992	-0.60393274533616	3.15558135834147
1.79376495397757	-0.543120742301831	3.23298752882744
1.81277033514521	-0.481430249625023	3.25062370211064
1.83177571631286	-0.419822335253692	3.22649207591107
1.85078109748051	-0.35894056429727	3.17718191089167
1.87539094595465	-0.281719442031687	3.09869261568157
1.90000079442879	-0.206402175416802	3.02375660090648
1.92461064290293	-0.132707087286123	2.96839241440564
1.94922049137707	-0.0600445921613925	2.94271231570342
1.98350909712259	0.0409065725989785	2.96453932994377
2.01779770286811	0.14390221235542	3.05350785207619
2.05208630861362	0.250986540777512	3.19174712916063
2.08637491435914	0.363039089147761	3.34042934529924
2.11901319227419	0.473937834875177	3.43844514928246
2.15165147018923	0.586062198033311	3.40442093647595
2.18428974810428	0.693645395170284	3.1473978769273
2.21692802601933	0.788271900970143	2.59452412839849
2.2352373692538	0.83182633222881	2.13860674544337
2.25354671248828	0.866115793656379	1.58917880058357
2.27185605572276	0.889553257157257	0.967267490590454
2.29016539895724	0.901167190683978	0.302151664590321
2.30847474219172	0.900560759835892	-0.369446967561096
2.3267840854262	0.88792579717775	-1.00707114025614
2.34509342866067	0.864125856140915	-1.57669690554784
2.36340277189515	0.830678440816253	-2.05369628092045
2.37937894029645	0.795124420247013	-2.38265452695723
2.39535510869775	0.754998639012574	-2.62743709202878
2.41133127709904	0.711618828519898	-2.79056420456962
2.42730744550034	0.666227924955054	-2.87934100897392
2.44540405053996	0.613794973734139	-2.90318770169544
2.46350065557958	0.561556129999625	-2.86026779864687
2.4815972606192	0.510580197867012	-2.76599024322414
2.49969386565882	0.46166622180445	-2.63497433241919
2.52283814439033	0.402966754982914	-2.4337742602779
2.54598242312184	0.349175600659573	-2.21210947614815
2.56912670185335	0.300602307693928	-1.98421665525694
2.59227098058485	0.257292986075147	-1.75973622418824
2.62639869562628	0.20265783105291	-1.4461174836222
2.66052641066772	0.158266126622826	-1.15904781109791
2.69465412570915	0.123206293687312	-0.900130247696526
2.72878184075058	0.0965468987074672	-0.667334963122821
2.76322647573365	0.0772712420402965	-0.454232304883845
2.79767111071672	0.065025245886039	-0.258632276853565
2.8321157456998	0.0593054928999351	-0.0760150931704181
2.86656038068287	0.0597198317812056	0.098084483326741
2.90100501566595	0.0660213523475978	0.267885220570125
2.93544965064902	0.0781555819405934	0.437142936420939
2.9698942856321	0.0961711158086014	0.609272858904485
3.00433892061517	0.120208070174166	0.78727065270737
3.0478465429201	0.159491484188061	1.02341292727526
3.09135416522502	0.209459753202329	1.27469665443883
3.13486178752995	0.270629882801675	1.53531509174465
3.17836940983487	0.34296306856626	1.78733799779844
3.21424324188599	0.410424890781538	1.96661335748505
3.2501170739371	0.483356645821249	2.08495203806002
3.28599090598821	0.558813848588828	2.10135592202656
3.32186473803932	0.632358804464836	1.97180770676824
3.34977365684529	0.68464013143352	1.74382063782529
3.37768257565126	0.728844274377608	1.40027244441719
3.40559149445723	0.761778981528753	0.953895789642293
3.4335004132632	0.781151256594681	0.431816828114916
3.45364813362425	0.785857925021146	0.0323654480142169
3.4737958539853	0.782545919866892	-0.361002754033083
3.49394357434635	0.771495128382692	-0.728587275353018
3.5140912947074	0.753422142887421	-1.05401711692116
3.53423901506845	0.729355126464516	-1.32491868690089
3.5543867354295	0.700457269725924	-1.53418546659684
3.57453445579055	0.667979459184244	-1.67962878006607
3.5946821761516	0.633178213485243	-1.7641060655423
3.61497418306195	0.596987017119694	-1.79409794069955
3.63526618997231	0.560687103224486	-1.77631922858671
3.65555819688266	0.52516397962638	-1.71918817281143
3.67585020379302	0.49112549074194	-1.63141277191319
3.70141502828912	0.45117451608833	-1.48961401728629
3.72697985278521	0.4151616841586	-1.3244470046371
3.75254467728131	0.383559164742141	-1.14597048551594
3.77810950177741	0.356615628063955	-0.961752353468962
3.81563644121499	0.325622971818528	-0.691111600018318
3.85316338065257	0.304663689736789	-0.427076558113968
3.89069032009014	0.293417277577329	-0.173800203640303
3.92821725952772	0.291465008091405	0.0674360975703976
3.98441733799145	0.304895355478856	0.405777619777484
4.04061741645517	0.336738562336483	0.717065103906978
4.0968174949189	0.384934454959801	0.988957143175942
4.15301757338262	0.44641197608216	1.18935650185847
4.18977836727117	0.491662381754834	1.25899213724441
4.22653916115971	0.53820350183498	1.25902584987216
4.26329995504825	0.58314159324816	1.17373746223533
4.3000607489368	0.623258025797153	0.994306725655015
4.3270786515755	0.647691948005336	0.802495305045622
4.35409655421421	0.666326426117497	0.568493962578546
4.38111445685292	0.67812876805794	0.304601351205402
4.40813235949163	0.682567606781122	0.0261047659030581
4.43515026213033	0.679548642090104	-0.249070046207018
4.46216816476904	0.669365521029633	-0.502340518683317
4.48918606740775	0.652756048131094	-0.719010680965121
4.51620397004645	0.630873037181574	-0.889475275711925
4.53841440092849	0.609914465630326	-0.991685467920809
4.56062483181053	0.587074979095382	-1.05948703990588
4.58283526269257	0.563099581779526	-1.09450963500989
4.60504569357461	0.538676677114926	-1.0999940005965
4.6305884132673	0.510829645520161	-1.07522188795544
4.65613113296	0.483977206198695	-1.02311771852779
4.6816738526527	0.458742130730864	-0.949853132395478
4.70721657234539	0.435587595561987	-0.8612932342129
4.74124600589122	0.408508515308193	-0.728138153774606
4.77527543943705	0.386136401127347	-0.585337860243851
4.80930487298287	0.368695855547663	-0.439403193295791
4.8433343065287	0.356217981482388	-0.294878419311702
4.89289648616908	0.346665800746665	-0.092401831607228
4.94245866580947	0.346832209347526	0.0965881179199771
4.99202084544985	0.35595468805634	0.268206745377574
5.04158302509024	0.373067392483575	0.41836412395153
5.09114520473062	0.39701532998339	0.542016409008323
5.140707384371	0.426244071917758	0.629938418930518
5.19026956401139	0.458693901774631	0.671673780674369
5.23983174365177	0.491848804023871	0.65684544311272
5.27831752492438	0.516238898050248	0.600724580801597
5.31680330619698	0.537675846291903	0.505419701379252
5.35528908746958	0.554666390172561	0.374819085172492
5.39377486874219	0.566076087141695	0.216465139266859
5.42166207303509	0.570384726847579	0.0909387571126191
5.44954927732798	0.571146116764194	-0.0369203950163209
5.47743648162088	0.568359496644998	-0.161381637433006
5.50532368591378	0.562205720739377	-0.277247778007806
5.53321089020668	0.553005133201789	-0.380039132271309
5.56109809449957	0.541166797701215	-0.466358972269246
5.58898529879247	0.527173195786786	-0.534138512801695
5.61687250308537	0.511549925215643	-0.582780777320741
5.64587039673252	0.494151955434047	-0.61373247572039
5.67486829037966	0.476132425947074	-0.626151837580693
5.70386618402681	0.457998498772942	-0.622203289215063
5.73286407767395	0.440182452239924	-0.604586476941678
5.76796883683071	0.419542549366492	-0.569051361858357
5.80307359598748	0.400360901199707	-0.522059507984037
5.83817835514424	0.382973658163463	-0.467558636265397
5.873283114301	0.367584500989704	-0.408928545103681
5.92423093857325	0.348976651791861	-0.32172306716593
5.9751787628455	0.334769344609954	-0.236403077852103
6.02612658711775	0.324787196302195	-0.156289511936134
6.07707441139	0.318724577337905	-0.0831692512983899
6.13551918441308	0.316094731482966	-0.008744409487685
6.19396395743615	0.317514078617786	0.0553679256946202
6.25240873045922	0.32236678777963	0.109075547761408
6.3108535034823	0.330041382714709	0.151986236262663
6.36929827650537	0.339917117116852	0.183557981842881
6.42774304952844	0.351289486064578	0.203180262041618
6.48618782255152	0.363419827018921	0.210116136338928
6.54463259557459	0.37556305824903	0.203606077627733
6.60214117313885	0.386789662368695	0.183705072656049
6.6596497507031	0.396497156946632	0.151414011870582
6.71715832826736	0.40399565428759	0.108544715179473
6.77466690583162	0.408783668366864	0.0576037697008138
6.82678283282126	0.41049336079567	0.00733736818950428
6.87889875981091	0.409558478762533	-0.0434271148527692
6.93101468680055	0.406013567630035	-0.0917667656459444
6.98313061379019	0.400058856459096	-0.135303114663413
7.02749909159802	0.393326796505325	-0.167220865393167
7.07186756940584	0.385300647264048	-0.193689540364283
7.11623604721367	0.376226390952402	-0.214475083187068
7.16060452502149	0.366350697798067	-0.229758077524544
7.21335826682363	0.35389230931152	-0.241478758539866
7.26611200862578	0.340978471118604	-0.24726330923389
7.31886575042792	0.327886580415726	-0.248419207710887
7.37161949223006	0.314823635989131	-0.246372500823253
7.43381088359567	0.299642589528749	-0.2417133108531
7.49600227496128	0.284780333372786	-0.236299577699543
7.5581936663269	0.270232137619175	-0.231675885385257
7.62038505769251	0.255914193861074	-0.229139808729729
7.69673891043036	0.238383105025042	-0.230386555652226
7.77309276316821	0.220532518250097	-0.238013752585962
7.84944661590606	0.201828967350412	-0.253936836489399
7.92580046864391	0.181525167274616	-0.280358798276494
7.99848277554937	0.159821013403011	-0.317890220658656
8.07116508245484	0.134866468944805	-0.371431553126053
8.1438473893603	0.105325492208388	-0.44673574896163
8.21652969626577	0.0692733151467047	-0.551668622933885
8.28572731321691	0.0267407925671809	-0.688404513215664
8.35492493016805	-0.0270117488945321	-0.875614763194718
8.4241225471192	-0.0959398412275364	-1.12426533095083
8.49332016407034	-0.184266495411817	-1.43791765624759
8.53467464645721	-0.247990403426637	-1.65087893218877
8.57602912884408	-0.320782392981191	-1.86665899022599
8.61738361123095	-0.402135308174201	-2.05504879440009
8.65873809361782	-0.489767892659561	-2.16587102699971
8.69027548416858	-0.558340989003786	-2.15798386185812
8.72181287471933	-0.624788688352646	-2.03206772387085
8.75335026527008	-0.684920659848063	-1.76334778911293
8.78488765582084	-0.734278962344612	-1.34502520033191
8.806452656402	-0.759503035767802	-0.980184974652125
8.82801765698316	-0.776317520268755	-0.570174727368735
8.84958265756433	-0.783916244504933	-0.136420163777619
8.87114765814549	-0.782111736640315	0.297423578833468
8.89271265872665	-0.771233297309887	0.706428565049545
8.91427765930782	-0.752028917103086	1.06806756165364
8.93584265988898	-0.725649648745565	1.36630753773987
8.95740766047014	-0.693575164963125	1.59270629850741
8.9766004021214	-0.661569460870804	1.73254565877916
8.99579314377266	-0.627424012015792	1.81698240915639
9.01498588542391	-0.592152241314555	1.85105591958224
9.03417862707517	-0.556649077449271	1.8418512106027
9.05669008802332	-0.515729754988229	1.78664177235227
9.07920154897148	-0.476487221114255	1.6943529993628
9.10171300991963	-0.439638993375026	1.57556994328694
9.12422447086778	-0.405679458762656	1.43954117853249
9.1545166015516	-0.365047141292606	1.24201203320647
9.18480873223541	-0.33049990419855	1.03834602173164
9.21510086291923	-0.302104301496342	0.836571919319023
9.24539299360304	-0.279743273276794	0.641376621274915
9.29208287596883	-0.256502236335442	0.357615719421572
9.33877275833461	-0.246030373875029	0.0939900347313095
9.3854626407004	-0.247451518167564	-0.152058159945324
9.43215252306618	-0.260001977118392	-0.383138064401519
9.47930734342104	-0.283296774246488	-0.603038423243576
9.52646216377589	-0.316689748395113	-0.808487606523571
9.57361698413074	-0.359262235035004	-0.991784339490228
9.6207718044856	-0.409586291677361	-1.13660789969674
9.66792662484045	-0.465601764835695	-1.22051848604753
9.7150814451953	-0.523311241734293	-1.20839414377462
9.76223626555016	-0.577474112187328	-1.0719877824505
9.80939108590501	-0.622150005617591	-0.801134242713867
9.83590648628206	-0.640758594165883	-0.593871018271229
9.86242188665911	-0.653461673721307	-0.358668615449182
9.88893728703616	-0.659636684361126	-0.107981609615548
9.91545268741321	-0.659106777639233	0.144440097496788
9.94196808779026	-0.652065527282253	0.384068611202124
9.96848348816731	-0.639004743717393	0.597472465883008
9.99499888854436	-0.620718262660405	0.774816066295975
10.0215142889214	-0.598251980498397	0.910585360745353
10.0448531892752	-0.575953409889982	0.994443656893404
10.068192089629	-0.552083436967147	1.04596360643933
10.0915309899828	-0.527367058322214	1.06765176618434
10.1148698903366	-0.502452698858048	1.06330421680801
10.1423008171858	-0.473669079260696	1.03091260667231
10.1697317440349	-0.446105027088285	0.975316045555278
10.1971626708841	-0.420313513980156	0.902791697829857
10.2245935977332	-0.396680874614099	0.819005629413245
10.2614283341473	-0.368747331170349	0.696793520666499
10.2982630705613	-0.345403048421648	0.570268175287605
10.3350978069753	-0.326710314628529	0.444845991791833
10.3719325433894	-0.312573199824699	0.323901775411487
10.4332197752171	-0.298558884195447	0.136965215911251
10.4945070070449	-0.295438972935614	-0.0315157235010741
10.5557942388726	-0.302058330327425	-0.181653063914671
10.6170814707004	-0.31727974123648	-0.312427981016816
10.6727061413305	-0.337551425649337	-0.412534035437279
10.7283308119607	-0.362821450330803	-0.490866576292992
10.7839554825908	-0.391654592595168	-0.540982918804042
10.8395801532209	-0.422277242464527	-0.554459076763132
10.895544069202	-0.452778722888785	-0.521874210516229
10.9515079851831	-0.479996060509647	-0.439894489335059
11.0074719011642	-0.50110438480509	-0.311811317812333
11.0634358171453	-0.513967733779833	-0.1465426600434
11.0973451217386	-0.51707696253489	-0.0356665423014666
11.1312544263319	-0.516408344773315	0.0753654687079009
11.1651637309252	-0.51203095781308	0.181030617812646
11.1990730355185	-0.504221951334991	0.276632476893203
11.2329823401118	-0.493409187564681	0.358460341055951
11.2668916447051	-0.480097680844511	0.424139677723602
11.3008009492984	-0.464846200028075	0.472687361228396
11.3347102538917	-0.44822662960306	0.504572664153193
11.3693051145711	-0.430433335515953	0.521552955400387
11.4038999752504	-0.412296137096717	0.52492159284735
11.4384948359298	-0.394243710133049	0.517154147593648
11.4730896966091	-0.376613414521381	0.500930059244936
11.5157965453266	-0.355795072563177	0.473056475328459
11.558503394044	-0.336283213016523	0.440114222197272
11.6012102427614	-0.318224448767481	0.405346096688399
11.6439170914788	-0.301647120927028	0.371292451191044
11.701219199949	-0.28158854013671	0.329803083350764
11.7585213084192	-0.263709443116542	0.295346794109536
11.8158234168894	-0.247570154129202	0.269458999115298
11.8731255253596	-0.232654833668619	0.252945729718693
11.9272371487673	-0.219176447870073	0.246186522396853
11.9813487721751	-0.205831011185108	0.248239559661669
12.0354603955828	-0.192146975011008	0.259489688507096
12.0895720189905	-0.177593834129954	0.280517687420622
12.1436836423983	-0.161591324024921	0.312223451767777
12.197795265806	-0.143561318806668	0.356120078232414
12.2519068892137	-0.12279726713763	0.414475661102024
12.3060185126215	-0.0984125688801066	0.490385714933913
12.3687798189156	-0.0641960865258763	0.605868613845108
12.4315411252097	-0.0215753053346325	0.759859633977551
12.4943024315038	0.0322047272358088	0.962685832029436
12.5570637377979	0.100520573297878	1.22471440515244
12.597325384452	0.153737248267727	1.42684314670396
12.637587031106	0.215692862713305	1.65360402759898
12.6778486777601	0.287152833597363	1.89337394876405
12.7181103244141	0.368055880231455	2.12106285502787
12.7583719710682	0.457365215342335	2.29913832459983
12.7986336177222	0.551496701128146	2.35174237870948
12.8388952643763	0.643876596771467	2.20066345488208
12.8791569110303	0.725169279991325	1.78697938429579
12.9011130909382	0.760819528937989	1.44005295451307
12.9230692708462	0.787989229937932	1.02050108641753
12.9450254507541	0.805229225679648	0.548759706894821
12.966981630662	0.811779277369585	0.0511881560029122
12.98893781057	0.807493128651887	-0.440513407396148
13.0108939904779	0.792802620430222	-0.893302824599531
13.0328501703858	0.76877313165134	-1.28124878968583
13.0548063502938	0.737059085212037	-1.58759812176966
13.0731187284617	0.706170184876178	-1.77508807147485
13.0914311066297	0.672422735205283	-1.90102105821098
13.1097434847976	0.636908242128543	-1.9689602405922
13.1280558629656	0.600625838879046	-1.98534601925657
13.1489442786641	0.559421630739493	-1.95136670370779
13.1698326943625	0.51941800863235	-1.87204089939176
13.190721110061	0.481450372256422	-1.7582963234911
13.2116095257595	0.44613291477466	-1.62017737979109
13.2391683256958	0.404276768984766	-1.41467686688891
13.2667271256321	0.368294987276075	-1.19470761211642
13.2942859255684	0.338455952267734	-0.969977819070169
13.3218447255048	0.314813155833207	-0.746787569020052
13.3645710506815	0.290132892298415	-0.411180363330126
13.4072973758582	0.279463099000553	-0.0908610025649943
13.4500237010349	0.2821386141798	0.213668884264778
13.4927500262116	0.297495353164384	0.502646986680557
13.5564107824892	0.342339642178142	0.90149500342971
13.6200715387667	0.411122736302493	1.23557917253322
13.6837322950443	0.497295038488512	1.4386631446038
13.7473930513219	0.589078152204955	1.40361492163853
13.7720619389943	0.622566241400791	1.29895511604641
13.7967308266668	0.652768524029994	1.13919411958582
13.8213997143392	0.678318569750873	0.926606757912653
13.8460686020117	0.698049535667001	0.668144241515163
13.8707374896841	0.711018801355442	0.375629466406998
13.8954063773566	0.716527712169226	0.0669968867489682
13.920075265029	0.714350772684823	-0.238932263425048
13.9447441527014	0.704830098445366	-0.52440955314706
13.9646225458263	0.692330457786547	-0.728572298432362
13.9845009389511	0.676070091060573	-0.90257288416834
14.0043793320759	0.656682163096253	-1.04230046774847
14.0242577252007	0.634864625016668	-1.14614375750724
14.0456732641212	0.609469336240337	-1.21847766296375
14.0670888030416	0.582948986610684	-1.25214772678086
14.088504341962	0.556091389122363	-1.25097261392015
14.1099198808825	0.529584885686787	-1.21997288853123
14.1354195763369	0.499280781673618	-1.15172768646884
14.1609192717912	0.47106780606364	-1.05703720878375
14.1864189672456	0.445530435347587	-0.943320343339142
14.2119186627	0.423069523625409	-0.817067397016335
14.248347339169	0.396777093072547	-0.624948569714397
14.284776015638	0.377590178235235	-0.427657779366774
14.3212046921069	0.365581647456219	-0.232243320704728
14.3576333685759	0.360599508663052	-0.0432577321202184
14.4042595898692	0.363961164050459	0.185007599931339
14.4508858111626	0.377541054189	0.393302882140844
14.4975120324559	0.400240519544561	0.574741617500628
14.5441382537493	0.430573951613505	0.719733969810379
14.5829189584463	0.460270443383723	0.803715845861245
14.6216996631433	0.492389317603861	0.843998069927987
14.6604803678403	0.525035743891499	0.831626580370848
14.6992610725373	0.556082491360867	0.760164911978595
14.7380417772343	0.583298290300098	0.626721890278693
14.7768224819313	0.604216818488746	0.440121648672982
14.8156031866283	0.616927786322698	0.215962698187519
14.8543838913253	0.620512664760567	-0.0267246940125307
14.8797762819557	0.617826952895108	-0.184034556477053
14.9051686725861	0.611273053259571	-0.3306094006164
14.9305610632164	0.60118562078188	-0.460438720709211
14.9559534538468	0.588053460518216	-0.569188298031866
14.9813458444772	0.572465965778911	-0.654199552905162
15.0067382351075	0.555039722739754	-0.714389064116578
15.0321306257379	0.536398811459769	-0.750106565006093
15.0575230163683	0.51713914280927	-0.763120454400752
15.0855584382519	0.495812009928167	-0.754364278646625
15.1135938601355	0.475029102892237	-0.725016699423307
15.141629282019	0.455314557532249	-0.679113721063281
15.1696647039026	0.437071989787049	-0.620720827272056
15.2067647712612	0.415680044741107	-0.530460407926567
15.2438648386198	0.397814164731344	-0.431281897202309
15.2809649059783	0.383716686932199	-0.32842564239634
15.3180649733369	0.373448292505205	-0.225849716371663
15.3632786107841	0.365990264159499	-0.105046161003843
15.4084922482313	0.363831222070456	0.00819867663599261
15.4537058856785	0.366576025248698	0.111334573804616
15.4989195231258	0.373718540930548	0.202260061016459
15.544133160573	0.384664233638757	0.278991616453966
15.5893467980202	0.398707187214182	0.338866883694768
15.6345604354674	0.415010892896067	0.379072970483028
15.6797740729146	0.432632093732312	0.396757336821177
15.7464730829858	0.458920508448626	0.375217366043335
15.813172093057	0.481884712816534	0.300328355505148
15.8798711031282	0.497998528685093	0.181607439168552
15.9465701131994	0.504983000179672	0.0295649503095867
15.9828759409023	0.504433600800603	-0.0600357838028192
16.0191817686051	0.500688511977502	-0.145867318622969
16.055487596308	0.493945734008055	-0.223642041056364
16.0917934240108	0.484567528990723	-0.290148985019175
16.1280992517137	0.473023457865772	-0.343298162809078
16.1644050794165	0.459813765949017	-0.382147214859326
16.2007109071194	0.44545304510246	-0.406800587521215
16.2370167348222	0.43043336298761	-0.418411373777706
16.2745982507843	0.414668704620072	-0.418645706242215
16.3121797667463	0.399088635513588	-0.40897345977525
16.3497612827083	0.384024973315986	-0.39163625962319
16.3873427986704	0.369722282102598	-0.368864783686958
16.4366779173216	0.352370173440593	-0.334056915851337
16.4860130359729	0.336803233311292	-0.296762178615811
16.5353481546242	0.323079715671338	-0.25963571524493
16.5846832732754	0.311148726184013	-0.224565736662545
16.6563421669489	0.296714952617545	-0.179583454564814
16.7280010606223	0.285209522687147	-0.142784769787304
16.7996599542958	0.276040718621918	-0.114516995009539
16.8713188479693	0.268604613069891	-0.0945328271307496
16.9285405847836	0.263514743033283	-0.0839901977099229
16.9857623215979	0.258904852699602	-0.077723566570907
17.0429840584122	0.254546808775538	-0.0753077626031321
17.1002057952265	0.250226190908645	-0.0763687070192855
17.1574275320408	0.245746982050946	-0.0805747918202589
17.2146492688551	0.240944913837039	-0.0876701415846039
17.2718710056694	0.235662354237995	-0.097503397018976
17.3290927424838	0.229740178683567	-0.11001760067674
17.3964164885809	0.221733552606206	-0.12826134998277
17.463740234678	0.212367398598951	-0.150662877080138
17.5310639807751	0.201341723328551	-0.177976658080802
17.5983877268722	0.18827628195779	-0.211398450042788
17.6809225900654	0.168731893197897	-0.26343489739273
17.7634574532585	0.144295170039502	-0.332280859507017
17.8459923164516	0.113249575857604	-0.426056622247812
17.9285271796447	0.0729879408987128	-0.556872192378372
17.9845553705662	0.0386266044171941	-0.675079418198265
18.0405835614877	-0.00323903636907479	-0.825586155939657
18.0966117524091	-0.054635907777681	-1.01567018897077
18.1526399433306	-0.117928075812512	-1.25137224882183
18.1936643099888	-0.173249017339421	-1.45362956129547
18.234688676647	-0.237427072862236	-1.67696525809563
18.2757130433053	-0.311025793458042	-1.9063680935062
18.3167374099635	-0.39358265390947	-2.11155572381797
18.3577617766217	-0.483520013541523	-2.2498691416011
18.3987861432799	-0.576167872360963	-2.23899648381321
18.4398105099382	-0.663929787134925	-2.00386955401722
18.4808348765964	-0.736908218874175	-1.50428249469008
18.5026645375143	-0.76585712954354	-1.13108272672275
18.5244941984323	-0.78599164055976	-0.702462679285474
18.5463238593502	-0.796277746195129	-0.241312772807148
18.5681535202681	-0.796375301266638	0.226143540226013
18.5899831811861	-0.786531090226848	0.67124992879136
18.611812842104	-0.767485113874229	1.06722241736668
18.6336425030219	-0.740465979163714	1.39471676027466
18.6554721639399	-0.707113669330964	1.6431493086397
18.6743329626708	-0.674618416644299	1.79222051433451
18.6931937614018	-0.639873539205506	1.88304607007104
18.7120545601328	-0.603927859379233	1.92071253518142
18.7309153588637	-0.567711301688002	1.91252484891697
18.7528982333424	-0.526207477220491	1.85615428944453
18.7748811078212	-0.486391038254863	1.76053977594651
18.7968639822999	-0.449006966442256	1.63658785595289
18.8188468567786	-0.414574658192832	1.49387609310029
18.8484383632996	-0.373431448268102	1.28540877487228
18.8780298698207	-0.338581507647521	1.06914910153946
18.9076213763418	-0.310132801535743	0.853567728607709
18.9372128828628	-0.288002047038963	0.643676308434601
18.9833008753247	-0.265576591670898	0.332921705770693
19.0293888677866	-0.257019837666766	0.0415552004240279
19.0754768602485	-0.261482282483194	-0.232472228939938
19.1215648527104	-0.278205524723008	-0.490878742245776
19.176427527609	-0.313099140187641	-0.777680787553792
19.2312902025077	-0.363112237144599	-1.03372467422427
19.2861528774063	-0.425678373086583	-1.23321531003722
19.3410155523049	-0.49642099763522	-1.3291275332969
19.3772971986284	-0.544592366704693	-1.30597187832798
19.413578844952	-0.590279818758953	-1.1948060778577
19.4498604912755	-0.63006598592922	-0.988332495295393
19.4861421375991	-0.660738579835452	-0.691708257372089
19.5098779572857	-0.674459993974889	-0.458173243148618
19.5336137769723	-0.682392450558826	-0.206542608026577
19.5573495966589	-0.684219621382616	0.0507125187385415
19.5810854163455	-0.679993929079948	0.300914905800128
19.6048212360321	-0.670065937203296	0.531751623109867
19.6285570557187	-0.65500588091868	0.732748683083579
19.6522928754053	-0.635589101559123	0.896621067053334
19.6760286950919	-0.612746737991311	1.01980159041889
19.6984556682051	-0.58892192379918	1.09853187064074
19.7208826413182	-0.563732032546817	1.14235057693809
19.7433096144314	-0.53792510012296	1.15437640781526
19.7657365875445	-0.512161692349585	1.13895549919294
19.7923645296028	-0.482400027526042	1.09173611962043
19.8189924716611	-0.454234680624718	1.0200498313096
19.8456204137194	-0.428229691218097	0.930714700054796
19.8722483557777	-0.404774020661283	0.829772231472156
19.9088146078681	-0.377134467571073	0.680980526568529
19.9453808599584	-0.35502449376028	0.527815872181124
19.9819471120487	-0.338502588766612	0.376131044360058
20.0185133641391	-0.327454499632681	0.229513572411874
20.0814620438092	-0.320548713724952	-0.00592563573620083
20.1444107234794	-0.327774584122421	-0.218039882976792
20.2073594031495	-0.347474519599688	-0.4028743169296
20.2703080828196	-0.377684656454982	-0.551783585824281
20.3179038998214	-0.406036269455355	-0.632672139137737
20.3654997168232	-0.437376379616615	-0.676495950642733
20.4130955338249	-0.469686682694944	-0.67409897869552
20.4606913508267	-0.500636897499271	-0.618025235965491
20.4973549636633	-0.521936836634103	-0.53551587839292
20.5340185764999	-0.5395946511188	-0.421372440710729
20.5706821893365	-0.552502032021669	-0.281233455690811
20.6073458021731	-0.559920779109658	-0.123307286464261
20.6357301702399	-0.561620162566229	0.00425754299042799
20.6641145383068	-0.559714842172852	0.129825717742321
20.6924989063736	-0.554324394509892	0.247970622835124
20.7208832744405	-0.545734775507077	0.354148845888669
20.7492676425074	-0.534353695237765	0.444826377987567
20.7776520105742	-0.52065290350968	0.517709558588618
20.8060363786411	-0.505148048012671	0.571790699128068
20.834420746708	-0.488366573298669	0.607412510143609
20.8650616153279	-0.469408350998263	0.626741974970607
20.8957024839478	-0.450135877313604	0.628480164749436
20.9263433525676	-0.431046671940046	0.615422410864992
20.9569842211875	-0.412543815419183	0.590679459089272
20.9947532114684	-0.39099765273843	0.548601142353421
21.0325222017492	-0.371210108987552	0.498036428182651
21.07029119203	-0.353429489928765	0.44291549841206
21.1080601823108	-0.337770754088862	0.386370178865924
21.1623851323059	-0.318964861948657	0.30692148002071
21.2167100823011	-0.304328500461222	0.232907255256732
21.2710350322962	-0.293511873965582	0.166404515936905
21.3253599822913	-0.286094325305743	0.108162900623449
21.3843682435172	-0.281353545438429	0.0539944265894924
21.443376504743	-0.279550259154941	0.00850220085168672
21.5023847659689	-0.280199483024073	-0.0292242029194485
21.5613930271948	-0.28286150118252	-0.059875688034926
21.6204012884207	-0.287140028765058	-0.0840839588539542
21.6794095496466	-0.292675509180531	-0.102509489528217
21.7384178108724	-0.299134041647745	-0.115541884923403
21.7974260720983	-0.306204088045626	-0.123331002078275
21.8606130885638	-0.314115910181207	-0.125922945549219
21.9238001050292	-0.322007167290046	-0.122776193824412
21.9869871214947	-0.329515029842616	-0.114126493598341
22.0501741379601	-0.336309641963077	-0.100278169688251
22.1139880161678	-0.342140728713975	-0.081539832636576
22.1778018943755	-0.346647613537798	-0.0590393607631494
22.2416157725831	-0.349619727503306	-0.0339538247923057
22.3054296507908	-0.350941938332509	-0.00756482777609829
22.3683906548211	-0.350597076697498	0.0183812214520011
22.4313516588515	-0.34866054786934	0.0428622690703458
22.4943126628818	-0.345257011466244	0.0647559445935504
22.5572736669121	-0.340576071168543	0.083229374807487
22.6225510747906	-0.334628708591938	0.0982036170849698
22.6878284826691	-0.327852837151435	0.108673019854343
22.7531058905476	-0.32054134070522	0.114650856801316
22.818383298426	-0.312977173730895	0.116405762288678
22.8923834053292	-0.304434838232067	0.113809250514111
22.9663835122323	-0.296249279746135	0.106794191339385
23.0403836191354	-0.288727114318357	0.0957788920900247
23.1143837260385	-0.282157038780578	0.0811117492939603
23.1909166383211	-0.27664980155287	0.0622398436633849
23.2674495506037	-0.272737594294115	0.0393216907816342
23.3439824628863	-0.270743198818493	0.0119477196164585
23.4205153751689	-0.271031637418894	-0.0204106940286345
23.4976657442903	-0.274028727996553	-0.0586790518753197
23.5748161134117	-0.280233713446822	-0.103297582896187
23.6519664825331	-0.290143036941814	-0.154252111302569
23.7291168516544	-0.304188868135208	-0.210524893129942
23.8062672207758	-0.322644931630384	-0.269825225419915
23.8834175898972	-0.345690966539767	-0.3272271573288
23.9605679590186	-0.372919182729314	-0.374695938543714
24.0377183281399	-0.403054088181701	-0.401114874233762
24.1023969524507	-0.429137540875714	-0.397981839560229
24.1670755767615	-0.45400493175255	-0.364952445189457
24.2317542010722	-0.475592602880961	-0.299921178092298
24.296432825383	-0.492077053807675	-0.206946991429861
24.3301802305881	-0.498128719518232	-0.150702662270871
24.3639276357932	-0.502236983692426	-0.0922883453883794
24.3976750409983	-0.504362479201671	-0.0342796851273076
24.4314224462034	-0.504571119424518	0.0207866697638126
24.4651698514085	-0.503012955406159	0.0705088677977806
24.4989172566136	-0.499900829960276	0.112724027560863
24.5326646618187	-0.495511258357881	0.145791156477602
24.5664120670238	-0.490170694349154	0.16874653445999
24.5966239930222	-0.484872878249528	0.180395665628493
24.6268359190206	-0.479352425569634	0.183625615953699
24.657047845019	-0.473860606407178	0.178747959585091
24.6872597710174	-0.468630357665214	0.166371425519136
24.7242199697074	-0.462892295479089	0.142215161350507
24.7611801683974	-0.458210447529478	0.109626872720977
24.7981403670874	-0.454871580986173	0.0703875015773081
24.8351005657773	-0.453076625801917	0.0264468859130817
24.8780427540635	-0.453087249881207	-0.0279659742513249
24.9209849423497	-0.45546405674683	-0.083124968579369
24.9639271306359	-0.460192023159402	-0.135946492001779
25.006869318922	-0.467088974256045	-0.18347762172733
25.0417409159727	-0.474076939602912	-0.216238660938116
25.0766125130233	-0.482089609126571	-0.242090508974125
25.111484110074	-0.490863041199612	-0.259665330612897
25.1463557071246	-0.500091194287868	-0.267925061214713
25.1848775350131	-0.510417159236923	-0.26539710290006
25.2233993629016	-0.520394223511717	-0.250236485138428
25.26192119079	-0.529533784178918	-0.222923354622569
25.3004430186785	-0.53741357649169	-0.184979222356881
25.3326691426817	-0.542780569727069	-0.146816882083143
25.364895266685	-0.546848346192769	-0.104828608994939
25.3971213906882	-0.549518756234459	-0.061179609242773
25.4293475146915	-0.550784537042117	-0.0181147123056053
25.455086287296	-0.550828337877343	0.0143518513257441
25.4808250599005	-0.550072156000904	0.0439200263999234
25.506563832505	-0.548601278768887	0.0696448617841693
25.5323026051095	-0.54652487693308	0.0907892180442709
25.558041377714	-0.543969334179629	0.10681215933291
25.5837801503185	-0.541072627961727	0.117333702278803
25.609518922923	-0.537978857290266	0.122191493588876
25.6352576955275	-0.534831621258485	0.121459844840976
25.664768425558	-0.531336163727014	0.114089388749496
25.6942791555885	-0.528156158567661	0.100304549961126
25.7237898856191	-0.525472189363301	0.0809163166568516
25.7533006156496	-0.523430357699797	0.056951585473019
25.7854518349207	-0.52206754826474	0.0269718804075747
25.8176030541917	-0.521714707574536	-0.00554401955562332
25.8497542734628	-0.522433867335217	-0.0389851290854441
25.8819054927338	-0.524222844613771	-0.0717579235157959
25.9140567120049	-0.527027891555303	-0.102345836259987
25.9462079312759	-0.530760183603316	-0.12924524675091
25.978359150547	-0.535283246755284	-0.151112982054654
26.010510369818	-0.540415920291579	-0.166896318842667
26.0411338637637	-0.545678961277746	-0.175549899382584
26.0717573577094	-0.551102344183902	-0.177455739691199
26.1023808516551	-0.55647500157812	-0.172444419798941
26.1330043456007	-0.561592129252044	-0.160747841475962
26.1689117616392	-0.567015056526158	-0.139308806016084
26.2048191776777	-0.571534295588613	-0.110984039457122
26.2407265937161	-0.574924763622565	-0.0778005010361414
26.2766340097546	-0.577072194423843	-0.0422065347660123
26.3005077022445	-0.577796906788491	-0.0185342133704752
26.3243813947345	-0.577965855237269	0.00423416073283314
26.3482550872245	-0.577608181312149	0.0253593174398799
26.3721287797144	-0.576771755906439	0.0441976809484888
26.3960024722044	-0.575519045232185	0.0602036945314335
26.4198761646944	-0.573923313068957	0.0729161518434107
26.4437498571843	-0.572066901305127	0.0820105115473586
26.4676235496743	-0.570037788669439	0.0873232165273225
26.4938449890568	-0.567717494918359	0.0887744313886634
26.5200664284393	-0.565419352034635	0.0857384264646479
26.5462878678218	-0.563258676730836	0.0784917917545571
26.5725093072042	-0.56133802631267	0.0674883644898931
26.6065263133637	-0.559343995941061	0.0485687514505183
26.6405433195232	-0.558066541636536	0.0257338794458279
26.6745603256827	-0.55762011950891	0.000581140661951432
26.7085773318422	-0.558045528635995	-0.0251788821458807
26.7376431413422	-0.559087596108812	-0.0463982692367154
26.7667089508422	-0.560722681105041	-0.0658444946895784
26.7957747603422	-0.562888411254167	-0.0826038104513731
26.8248405698422	-0.565494107501941	-0.0959332054641379
26.8521905946494	-0.568249054534449	-0.10481972465594
26.8795406194567	-0.571192815757222	-0.109761076758335
26.9068906442639	-0.574214169243759	-0.110546258697448
26.9342406690711	-0.577200654717937	-0.107175592802673
26.9654195851046	-0.580424402153712	-0.0985031862801897
26.9965985011381	-0.583301516975634	-0.0851824873301544
27.0277774171715	-0.585694756913677	-0.0679998853726852
27.058956333205	-0.587505669739935	-0.0480013278841123
27.0830497834002	-0.588464304313178	-0.03138934689941
27.1071432335955	-0.589017020508851	-0.0144165764385711
27.1312366837907	-0.589161067006688	0.00231445065788039
27.1553301339859	-0.588910328696788	0.0182349709534304
27.1794235841812	-0.588292175942304	0.0328201167715489
27.2035170343764	-0.58734398986165	0.0455845620507385
27.2276104845716	-0.586113860349168	0.0561307637975811
27.2517039347669	-0.584658826250635	0.0641766203087156
27.2766245119748	-0.582984108902411	0.0696797376122249
27.3015450891827	-0.58120979992851	0.0722085277856175
27.3264656663907	-0.579410283620156	0.0717756315265279
27.3513862435986	-0.577656710867386	0.0685253936007251
27.3806154965949	-0.575746656311184	0.0614594579581733
27.4098447495912	-0.574089688188614	0.0513695667250355
27.4390740025876	-0.572767449170303	0.0388920991715207
27.4683032555839	-0.571835831993896	0.0247735659287388
27.4932089822735	-0.571375870430177	0.0120474365675244
27.518114708963	-0.57123544438674	-0.00079942824382152
27.5430204356525	-0.571412490282783	-0.0132780080830578
27.5679261623421	-0.571891290449587	-0.0249350105314771
27.5928318890316	-0.572645109344107	-0.0353579352339681
27.6177376157212	-0.573638830062785	-0.0441643175557576
27.6426433424107	-0.574828609060166	-0.0510397798541404
27.6675490691003	-0.576163518430755	-0.0557593647435418
27.6941840279495	-0.57768890621796	-0.058260576465843
27.7208189867987	-0.579244059108113	-0.058038759288499
27.747453945648	-0.580756110085888	-0.0551194972364876
27.7740889044972	-0.582156463516828	-0.0496605719851792
27.8062821913563	-0.583612437103914	-0.040055282474827
27.8384754782155	-0.584712670543199	-0.0277631915119592
27.8706687650747	-0.585378996808871	-0.0135686193058555
27.9028620519338	-0.585569452659948	0.00162817040821353
27.933401712293	-0.585299332716391	0.0161161054453567
27.9639413726522	-0.58459624238817	0.0298643682480836
27.9944810330113	-0.583490871473025	0.0421475647461226
28.0250206933705	-0.58203918557921	0.0523866083956177
28.05071796832	-0.580602482796165	0.0590933805153881
28.0764152432694	-0.579018657915033	0.0638444024830221
28.1021125182189	-0.577339305181809	0.0665353221917795
28.1278097931683	-0.575617016552925	0.0671657403501043
28.1571557814865	-0.573663275378808	0.0654767590063586
28.1865017698047	-0.571795147059715	0.0614248396415493
28.2158477581229	-0.57007860852839	0.055330474027124
28.2451937464411	-0.568565595681507	0.0476197387857068
28.2750621920794	-0.567274113096304	0.0386131154757889
28.3049306377176	-0.566262770853414	0.0289685379545789
28.3347990833558	-0.56554441010912	0.0192329514353406
28.364667528994	-0.565112092852883	0.00992863765609732
28.386867451588	-0.564963240019366	0.00358180503591017
28.409067374182	-0.564947875292372	-0.00207708505869557
28.431267296776	-0.565049093703458	-0.00689078434818678
28.4534672193699	-0.565246722728851	-0.0107339684684713
28.4756671419639	-0.565518086316874	-0.013510937753765
28.4978670645579	-0.565838420477855	-0.0151504255698579
28.5200669871519	-0.566181940191849	-0.0156157008169862
28.5422669097459	-0.566522820541988	-0.0149073667692322
28.5682435877589	-0.56688449473322	-0.0126349324540842
28.5942202657719	-0.567167597005714	-0.00890413449052625
28.6201969437848	-0.567335594083647	-0.00386948371804012
28.6461736217978	-0.567358106792818	0.00226423644981863
28.6796399211545	-0.567135053867082	0.0113979238884093
28.7131062205113	-0.566590108549276	0.0213721528240282
28.746572519868	-0.565702065684158	0.0315793925305511
28.7800388192247	-0.564476122116731	0.0414315643948241
28.8094245098673	-0.563140276210459	0.0493604920470645
28.83881020051	-0.561585930882042	0.0562723752125079
28.8681958911527	-0.559846032951427	0.0619057167123594
28.8975815817953	-0.557961054087614	0.0660916085121409
28.928499542288	-0.555870073374044	0.0688381498859341
28.9594175027807	-0.553721597728424	0.0698480869843665
28.9903354632734	-0.551568785953949	0.0691771343695425
29.0212534237661	-0.549460413231402	0.0669834192032295
29.0575024994467	-0.547101576192624	0.0627824445381295
29.0937515751273	-0.544921583543451	0.0572308711275187
29.1300006508079	-0.542963089949948	0.0508180786013416
29.1662497264885	-0.54124493416012	0.0440745385872816
29.1985603463865	-0.539915989974929	0.0382095923163374
29.2308709662844	-0.538769389101105	0.032831627492104
29.2631815861824	-0.537785540985755	0.0282405765597075
29.2954922060803	-0.53693457362918	0.0246685044929376
29.3278028259783	-0.536179895482676	0.0222828245263328
29.3601134458762	-0.53548099169818	0.0212019797407095
29.3924240657742	-0.534794824664867	0.0214707992040075
29.4247346856721	-0.534078930669282	0.0230502718884753
29.457259470665	-0.533287634810177	0.0258584980109993
29.489784255658	-0.532386720549863	0.0297376449519885
29.5223090406509	-0.531343578741929	0.034487048047636
29.5548338256438	-0.530134995292875	0.0398678588600278
29.5968255494125	-0.528308222991583	0.0473359651502197
29.6388172731813	-0.526164658166446	0.0548536687706143
29.6808089969501	-0.523708920509568	0.0618832740850676
29.7228007207188	-0.520974765611067	0.0679854844054083
29.7605907019514	-0.518318406520074	0.0724114517242534
29.7983806831839	-0.515517398366272	0.0756476164961714
29.8361706644165	-0.512617701871958	0.0776083964864987
29.8739606456491	-0.509667101203208	0.0783188756154305
29.9145402848435	-0.506493832111794	0.0778118359452436
29.9551199240379	-0.50336561680011	0.076162047031883
29.9956995632323	-0.500325149358031	0.0736102768491479
30.0362792024267	-0.497401472261818	0.0704543967866887
30.0839214603559	-0.494138785381707	0.0663971478623503
30.1315637182851	-0.491069437979389	0.0624112509489632
30.1792059762143	-0.488183294667155	0.0589252952684555
30.2268482341435	-0.48544570590681	0.0562733586654685
30.2744904920728	-0.482807839754903	0.0546821094409944
30.322132750002	-0.480216674102549	0.0542883389113887
30.3697750079312	-0.47761448885068	0.0551242951839951
30.4174172658604	-0.474945697633744	0.0570940520629874
30.4668155980112	-0.472056084662176	0.0601398906349666
30.516213930162	-0.468995010368626	0.0639659005909885
30.5656122623128	-0.465728228084966	0.0682852200301576
30.6150105944635	-0.46224170346715	0.0727964014570239
30.6735661581066	-0.457827753806653	0.078011635219649
30.7321217217496	-0.453122703316178	0.0826949287210991
30.7906772853926	-0.448161196508035	0.086537623403943
30.8492328490356	-0.443001010869576	0.0893934294496233
30.9032351210765	-0.438122131146004	0.0911401133475746
30.9572373931174	-0.433171737816181	0.0920730328717327
31.0112396651583	-0.428191238859552	0.0922896107936035
31.0652419371991	-0.423214554396265	0.0919469179179388
31.1315055752068	-0.417148686658085	0.0910286097103469
31.1977692132144	-0.411153983218721	0.0898446697621401
31.264032851222	-0.405241049979392	0.0886721897965731
31.3302964892297	-0.399399783631908	0.0877400961993544
31.4284032065963	-0.390831736133495	0.0871179745628302
31.526509923963	-0.382269300106881	0.0875814544759847
31.6246166413297	-0.373607821242273	0.089138054916914
31.7227233586964	-0.36475126449112	0.0915732663685555
31.818457288331	-0.355849157464841	0.0944792141105464
31.9141912179657	-0.346654634395903	0.0976603839627181
32.0099251476003	-0.337149244972074	0.100913178804063
32.1056590772349	-0.327333017000786	0.104111661184271
32.260972351202	-0.310753353612184	0.109025910225354
32.416285625169	-0.293426235935832	0.113952125175904
32.5715988991361	-0.275323047701852	0.119602102681631
32.7269121731032	-0.256232964461675	0.126836278065426
32.8615715069679	-0.238546933304532	0.135414714037336
32.9962308408326	-0.219509830363122	0.147911372138929
33.1308901746974	-0.198432945890596	0.167394790658016
33.2655495085621	-0.173986064274286	0.198542953477973
33.3493091508175	-0.15619467938901	0.227041804782387
33.4330687930728	-0.135621839073255	0.266338135086959
33.5168284353282	-0.111166593996806	0.321394341027591
33.6005880775836	-0.0811769807315712	0.399299763699569
33.6655495039457	-0.0526897104327159	0.481625706434157
33.7305109303078	-0.0180425665518136	0.590358276016706
33.7954723566699	0.0247435594964382	0.733262756036169
33.860433783032	0.0781595929918394	0.918841428857873
33.9060400949166	0.12354259017673	1.07836416883653
33.9516464068012	0.176854450150253	1.26309440414508
33.9972527186858	0.239116922076979	1.46697918467743
34.0428590305705	0.310768475395213	1.67403211105993
34.0884653424551	0.391457351795094	1.85747050756419
34.1340716543397	0.478898179249053	1.95888813757655
34.1796779662243	0.567818214608418	1.90923091177628
34.225284278109	0.649780271770233	1.64186839195138
34.248896444053	0.685899604919564	1.40054033211073
34.2725086099971	0.715490560334597	1.09310498126911
34.2961207759411	0.737067650114664	0.731028470203146
34.3197329418852	0.749626548174506	0.331833907587641
34.3433451078293	0.752621650277541	-0.0810971650041613
34.3669572737733	0.745988679670676	-0.480080224434417
34.3905694397174	0.730272136624192	-0.8409909876943
34.4141816056615	0.70663780643338	-1.14556654702368
34.4336774674386	0.682267913563497	-1.345996774319
34.4531733292158	0.654476246855714	-1.4972888309975
34.472669190993	0.624211833938279	-1.599875777661
34.4921650527701	0.592388277036066	-1.65714404111843
34.5140832439401	0.555794719894238	-1.67413709794269
34.53600143511	0.519307403290511	-1.64889277926764
34.5579196262799	0.483758446623192	-1.59005554330081
34.5798378174499	0.449789151735578	-1.50621010873813
34.6075209978532	0.409847251801351	-1.37642878835031
34.6352041782564	0.373733320367165	-1.23056723991646
34.6628873586597	0.341768968446196	-1.07765071972893
34.690570539063	0.314067829660537	-0.924158580013505
34.7305488852516	0.281458255525302	-0.709374143069923
34.7705272314403	0.257176130795871	-0.507375418919294
34.8105055776289	0.240676674655335	-0.320210685006828
34.8504839238175	0.231380863091588	-0.147468783485133
34.8988418724676	0.228960311683155	0.0450826633553393
34.9471998211177	0.235517725627352	0.223849867345043
34.9955577697678	0.250459378726217	0.392092625058882
35.0439157184179	0.27328692494926	0.550648305538673
35.092273667068	0.303522500847053	0.697890318566327
35.1406316157181	0.340549037820304	0.828641149256005
35.1889895643682	0.383273117301231	0.932288188637043
35.2373475130182	0.429990920804555	0.992476467257436
35.2799864159675	0.472636105828192	0.99348515032196
35.3226253189167	0.513935989650728	0.930669890092607
35.3652642218659	0.55091157341208	0.795477556302004
35.4079031248152	0.580610771201672	0.58828212428678
35.4359031726663	0.594781521691163	0.418292939317005
35.4639032205175	0.603915443998307	0.230596759768552
35.4919032683686	0.607614540805785	0.0345517705101653
35.5199033162198	0.605819099509138	-0.15992984711272
35.5479033640709	0.598747280190454	-0.342788976769055
35.5759034119221	0.586835262143378	-0.505053856018613
35.6039034597733	0.5707301872811	-0.640261004959605
35.6319035076244	0.551247347071074	-0.744924500976895
35.6578050681262	0.530999556391725	-0.813859921441461
35.6837066286281	0.509308167645954	-0.856994799088838
35.7096081891299	0.486812770913228	-0.876508560239599
35.7355097496317	0.464080604586432	-0.87560591492513
35.7661906259327	0.437508310110454	-0.853205479159075
35.7968715022338	0.411908157440812	-0.812997660760967
35.8275523785348	0.387746550399066	-0.760277403870535
35.8582332548358	0.365335730109286	-0.699780769063955
35.8987781495813	0.338691240658762	-0.614352154877396
35.9393230443269	0.315534473828931	-0.528048883170631
35.9798679390724	0.295816291594783	-0.445064984710797
36.0204128338179	0.279358786027722	-0.367954151710537
36.0795247665858	0.260615197585752	-0.26833707298122
36.1386366993538	0.247302365037857	-0.184059769030704
36.1977486321217	0.238567806189327	-0.114113360622749
36.2568605648896	0.233588454673496	-0.0569893283856999
36.3217573097873	0.231563719232461	-0.0066090462677844
36.386654054685	0.232475661057501	0.0335852245558441
36.4515507995827	0.23575634404534	0.0657437700722975
36.5164475444804	0.240901975283263	0.0913175260029024
36.571205588998	0.246389392660685	0.108595593729384
36.6259636335156	0.252733638238443	0.122623938545663
36.6807216780331	0.259767195476631	0.133749033803329
36.7354797225507	0.267333728941418	0.1421472426911
36.8059907329823	0.277628157915209	0.149007424098766
36.876501743414	0.288248439690537	0.151363733636661
36.9470127538456	0.298864973746829	0.149041043172542
37.0175237642773	0.309142919645957	0.141761241266987
37.0880347747089	0.318739703414148	0.129321528421551
37.1585457851406	0.327279015809884	0.111975381004687
37.2290567955722	0.33442499332984	0.0902768750496214
37.2995678060039	0.339913118836804	0.0650801014598453
37.3701331427247	0.343548533691694	0.0376000243567542
37.4406984794454	0.345215654723436	0.0095657573269578
37.5112638161662	0.34492653857289	-0.0173604351526118
37.5818291528869	0.342817967374579	-0.0416851026386647
37.6449199938167	0.339584516935034	-0.0601747420165783
37.7080108347465	0.335303600107662	-0.0748856916688874
37.7711016756763	0.330225966205894	-0.0854161294287604
37.834192516606	0.324617620697412	-0.0916332497530602
37.9060314164074	0.317933527799821	-0.0935653901118172
37.9778703162088	0.311302629693334	-0.0902131737299991
38.0497092160101	0.305092484248368	-0.0818662887943749
38.1215481158115	0.299649292713262	-0.0688993474743036
38.1973456814219	0.295092802399299	-0.0505223414007877
38.2731432470322	0.292113056667556	-0.0272844281181481
38.3489408126426	0.291080844533606	0.000873341646707687
38.424738378253	0.292371501189604	0.0340161231442588
38.4983887705228	0.296195369982864	0.0710506055527697
38.5720391627927	0.30293537142155	0.112815693972314
38.6456895550626	0.312921789992743	0.158558441045013
38.7193399473324	0.326367296129508	0.206604962735932
38.7929903396023	0.343319276638801	0.254325802139675
38.8666407318722	0.363647769994421	0.296830202183558
38.940291124142	0.386767074415769	0.3276586903626
39.0139415164119	0.411499302557683	0.339414546556728
39.0759757762464	0.432411054087625	0.329037173878137
39.138010036081	0.451966720187596	0.296898542578763
39.2000442959155	0.468760987885104	0.243059271572802
39.26207855575	0.481652649866517	0.171292171915091
39.2965743812369	0.486797620460254	0.126330424154454
39.3310702067238	0.490363909163888	0.0801495964892847
39.3655660322106	0.492336357880724	0.0347303816294226
39.4000618576975	0.492781384395028	-0.00800535576121564
39.4345576831843	0.491830277649214	-0.0462599233393832
39.4690535086712	0.489662821204698	-0.0784126081515587
39.5035493341581	0.486507607815148	-0.103231875688239
39.5380451596449	0.482630898407809	-0.119993844820449
39.5686225830877	0.478822514503766	-0.127872246534199
39.5992000065304	0.474875402077218	-0.129176031274898
39.6297774299732	0.470988564398762	-0.124134345446379
39.6603548534159	0.467346674276362	-0.113202518971485
39.6986495558417	0.463383426704483	-0.0921485838269471
39.7369442582675	0.460366287264889	-0.0641622037651961
39.7752389606933	0.458539172233672	-0.0307895015618318
39.8135336631191	0.458066240147747	0.00623949134201705
39.8535142393235	0.459117728549285	0.0469042586681883
39.893494815528	0.461804325285413	0.0876311902808216
39.9334753917324	0.466097409427485	0.126353958738934
39.9734559679368	0.471868101909325	0.161115047359108
40.0086244122049	0.478004384564977	0.186952563785075
40.043792856473	0.484949948961987	0.207024793868528
40.0789613007412	0.492483926613823	0.220256052181704
40.1141297450093	0.500352862603232	0.225878162751068
40.1527322739356	0.509054406584877	0.22274945174573
40.1913348028619	0.517437124736244	0.209711071377723
40.2299373317881	0.525119286135258	0.187271907267013
40.2685398607144	0.531776139638557	0.156730511893478
40.3015055821539	0.536448072574575	0.125697980131013
40.3344713035933	0.540042738481608	0.091762211450323
40.3674370250328	0.54248536974521	0.0566911566131632
40.4004027464723	0.543776836815807	0.0222984545265608
40.4259178433053	0.54402298687178	-0.0027091714544594
40.4514329401383	0.543658943691054	-0.0254395371137364
40.4769480369714	0.542750622919878	-0.045205103747212
40.5024631338044	0.541381025524237	-0.0614654688375758
40.5279782306374	0.539645653437025	-0.073818507944532
40.5534933274704	0.53764893129429	-0.0819749076342237
40.5790084243034	0.535499980359685	-0.0858023451829597
40.6045235211365	0.533307818234369	-0.0853398460588909
40.6338753508522	0.530869728848012	-0.0797393532605284
40.6632271805678	0.528672128126626	-0.0691241291129118
40.6925790102835	0.526855867069825	-0.0540981636037815
40.7219308399992	0.525535785652602	-0.0354395065656839
40.7543269155137	0.524760998553794	-0.0116843401767157
40.7867229910282	0.524794173393078	0.0141662520785959
40.8191190665426	0.525687153468218	0.040788391461241
40.8515151420571	0.527438237926187	0.0668656195626116
40.8839112175716	0.530002822628204	0.0911425494521684
40.916307293086	0.533307170978905	0.112381349157565
40.9487033686005	0.537238304114342	0.129487987728366
40.981099444115	0.541646681553328	0.141622473911572
41.0120057546358	0.546138441659775	0.148004858857624
41.0429120651566	0.550741857313592	0.148927489418339
41.0738183756774	0.555285173118242	0.144295369829978
41.1047246861983	0.559603243191116	0.134343145071734
41.1411921834378	0.564205629991559	0.116466020497167
41.1776596806774	0.568049026048	0.0931867602160502
41.214127177917	0.570955226666114	0.0661981161803273
41.2505946751566	0.572839316494022	0.0375142731110843
41.2741362536015	0.573505481722333	0.0191238559794748
41.2976778320464	0.573746790870967	0.00150537357065348
41.3212194104913	0.573586922716194	-0.0148010973546941
41.3447609889363	0.573062919995581	-0.0293260469189349
41.3683025673812	0.57222231262446	-0.0416710972764449
41.3918441458261	0.571120568068272	-0.051497701645654
41.415385724271	0.569819723997144	-0.0585656686748074
41.438927302716	0.568385905596441	-0.0627503360354957
41.4649168955877	0.566730056221914	-0.0639950590837779
41.4909064884595	0.565087997656142	-0.0617676865099566
41.5168960813312	0.563548317913971	-0.0562703800902147
41.542885674203	0.562190165992277	-0.0478408712720721
41.5766314716895	0.560806474994485	-0.0332403082209904
41.610377269176	0.559972843734975	-0.0155329798829587
41.6441230666624	0.559779679944128	0.00404440957136572
41.6778688641489	0.560260764939197	0.0241604372857239
41.7063368999549	0.5611834992582	0.0405729180242185
41.7348049357608	0.562556394927021	0.0556801632731742
41.7632729715667	0.564334171638407	0.0687890569554357
41.7917410073726	0.56645058914353	0.0793317055329887
41.8192809543468	0.568744074996483	0.0866655061743739
41.8468209013209	0.57119595963631	0.0908495815087579
41.8743608482951	0.573716710300028	0.0917024134694118
41.9019007952693	0.576215399190414	0.0892158573044108
41.9330982486927	0.57890840595928	0.0825466062493641
41.9642957021162	0.581332498052041	0.0721643920815563
41.9954931555397	0.583377753040702	0.0586753449308913
42.0266906089631	0.584964311476049	0.042891516458668
42.0512717812368	0.585855561388974	0.029458008423957
42.0758529535105	0.586411189059769	0.0156769607940624
42.1004341257842	0.5866276269629	0.00204783249272753
42.1250152980579	0.586515499987485	-0.0109563400117912
42.1495964703316	0.586096901296979	-0.0228978508430381
42.1741776426053	0.585402338572276	-0.0333698200208726
42.198758814879	0.584471527759568	-0.0420375742511632
42.2233399871527	0.583351951431614	-0.0486628502238355
42.2480779759257	0.58208780528768	-0.053115068298851
42.2728159646986	0.580742463658358	-0.0552564727156025
42.2975539534716	0.579373352618717	-0.0550919761874745
42.3222919422445	0.578035556908943	-0.0527270753685738
42.3514136098919	0.576569791560152	-0.0473771492721659
42.3805352775393	0.575296598813438	-0.0396281690886934
42.4096569451867	0.574280627505972	-0.0299742911802269
42.4387786128341	0.573566519784777	-0.0189994917743728
42.4637350450235	0.573215695361814	-0.00901954415361832
42.4886914772129	0.573116217102501	0.0010732399517615
42.5136479094024	0.573266808410688	0.010884479757714
42.5386043415918	0.573655138655269	0.0200479776064547
42.5635607737812	0.574259959816997	0.0282303258502472
42.5885172059706	0.575053246906745	0.0351232204224521
42.61347363816	0.575999938042587	0.0404739093988111
42.6384300703494	0.577059270982899	0.0441025115446457
42.6650144740628	0.578261709449405	0.0459473984600298
42.6915988777762	0.579484086043151	0.045637937908557
42.7181832814895	0.580668889363662	0.0431968725189266
42.7447676852029	0.581762047867999	0.0387509994241265
42.777027394208	0.582896093320702	0.0309701619167581
42.8092871032131	0.583742105379221	0.0210552317091273
42.8415468122183	0.584237853493381	0.00963022301800881
42.8738065212234	0.584349997784971	-0.00258986354852464
42.9041564000326	0.584096690230811	-0.0141450779417022
42.9345062788418	0.58349993062209	-0.025130608301999
42.9648561576509	0.582583258478689	-0.0349846349013715
42.9952060364601	0.581389681418789	-0.0432564040568311
43.0210939225998	0.58019461837927	-0.0488006664028394
43.0469818087394	0.578876359021963	-0.0527792626632233
43.0728696948791	0.577476560091878	-0.055103557372348
43.0987575810188	0.576037828590338	-0.0557696322374916
43.1282573616798	0.574403944354209	-0.0545931462789997
43.1577571423408	0.572833903034684	-0.0515170140159134
43.1872569230019	0.571381039363917	-0.0467974430425732
43.2167567036629	0.570087345946769	-0.0407781434388441
43.2470595175979	0.56895651527014	-0.0336547665895421
43.2773623315329	0.568050634098771	-0.0260210491183317
43.3076651454679	0.567379927711866	-0.0183340941285086
43.3379679594029	0.566937803350168	-0.011029848444001
43.3600697678043	0.566748566236082	-0.00617703728712625
43.3821715762056	0.566660566672363	-0.00188425072661065
43.404273384607	0.566660159896277	0.00172654653029467
43.4263751930084	0.566731202959055	0.00455901394809968
43.4484770014098	0.5668556476585	0.00654057667813536
43.4705788098111	0.567013853586762	0.00761844325678705
43.4926806182125	0.567185460733241	0.00776717791753689
43.5147824266139	0.567350168935565	0.00699069364395365
43.5384283161055	0.56749623608681	0.00516938067885622
43.5620742055971	0.567587555693946	0.00238671426103473
43.5857200950887	0.567602160168915	-0.00126439966086652
43.6093659845803	0.567521350821957	-0.00566406816638104
43.6373189652204	0.567281935943078	-0.0116384434176901
43.6652719458606	0.566866508192354	-0.0181996814252658
43.6932249265008	0.566261587326557	-0.0250696795746848
43.721177907141	0.565463396024192	-0.0319701111264448
43.7501690349605	0.564435879807641	-0.0388727106567277
43.7791601627801	0.5632156068932	-0.0452322271840307
43.8081512905997	0.561821142546815	-0.0508008620738718
43.8371424184192	0.560278652564218	-0.0553921443257073
43.8679522901494	0.558511873813117	-0.0590569104379785
43.8987621618797	0.556653318831473	-0.0613662178284215
43.9295720336099	0.554745170544745	-0.0622910498730638
43.9603819053401	0.552828792681831	-0.0618928101100739
43.9951655506645	0.550703126053341	-0.0600161965561148
44.0299491959889	0.548666418764397	-0.0568563859337674
44.0647328413134	0.546759447524101	-0.0527184453985613
44.0995164866378	0.545008203013963	-0.0479654756104864
44.1347584299866	0.543405744516448	-0.0429110380683349
44.1700003733353	0.541980043159538	-0.037994415169581
44.2052423166841	0.540721616947629	-0.0335704908344475
44.2404842600329	0.539606579249686	-0.0299332758049516
44.2757262033817	0.538601485357332	-0.0273101078234259
44.3109681467305	0.537667780582286	-0.0258745392695281
44.3462100900793	0.536762142695806	-0.0257185203930189
44.381452033428	0.535839959934118	-0.0268330313575437
44.4152273201504	0.534900684888722	-0.0290139077484559
44.4490026068728	0.533870575631104	-0.0321640697508673
44.4827778935952	0.532718757639819	-0.0361141829580157
44.5165531803176	0.531422931918624	-0.0406545387722106
44.56274714411	0.529394682965618	-0.0474096053212625
44.6089411079025	0.52705025041258	-0.0542282525797293
44.655135071695	0.52439332907902	-0.0605381707633263
44.7013290354874	0.52146388876667	-0.0658810705792441
44.7405930460499	0.518804348752665	-0.0694175069749428
44.7798570566123	0.516027023492383	-0.0718920313997571
44.8191210671748	0.5131740215491	-0.0732541282521766
44.8583850777373	0.510288026878016	-0.0735563983546896
44.9003322073085	0.507212778561499	-0.072849913069509
44.9422793368797	0.504186917005997	-0.0712604138085289
44.9842264664509	0.501243777584173	-0.0690229158756932
45.0261735960221	0.498403295134442	-0.06641358251642
45.075045956773	0.495232984101107	-0.0632713781232143
45.123918317524	0.492210940934788	-0.0603985175642579
45.1727906782749	0.489318592286954	-0.058136452466925
45.2216630390258	0.486517974730996	-0.0567243726817478
45.2705353997767	0.483761351204959	-0.0562975089744365
45.3194077605277	0.480999321529543	-0.0569112305669377
45.3682801212786	0.478181384693653	-0.0585299516348317
45.4171524820295	0.475263039219637	-0.0610137036514675
45.473261903563	0.471743944330308	-0.0646713133441853
45.5293713250965	0.468002227551179	-0.0688650866043657
45.58548074663	0.46401285368089	-0.0732371576702882
45.6415901681635	0.459780045941886	-0.0774522746416372
45.6991888535485	0.455205909384174	-0.0813310553868716
45.7567875389336	0.450427428494038	-0.0845377937801175
45.8143862243186	0.445484072757951	-0.0869372138562236
45.8719849097037	0.440424676876124	-0.0885227915147032
45.928434488483	0.435400067950919	-0.0893680706356373
45.9848840672624	0.430345680532922	-0.08961105206008
46.0413336460417	0.425292078724114	-0.0893897006273693
46.0977832248211	0.420259997220736	-0.0888734202304156
46.1730895623068	0.413598127591051	-0.0880155949558202
46.2483958997925	0.406998209390479	-0.0872581184307228
46.3237022372782	0.400445933935206	-0.0868517162053925
46.3990085747638	0.393907460028885	-0.0869480162941757
46.4922814510908	0.385765339552503	-0.0878386975496071
46.5855543274179	0.377501073090924	-0.0895173497675605
46.6788272037449	0.369045473593029	-0.0918338714934634
46.7721000800719	0.360352480953808	-0.0945747701697271
46.9030967271487	0.347688232614267	-0.0986945357116966
47.0340933742255	0.334485151628561	-0.102831505772221
47.1650900213023	0.32075570065147	-0.106848419287656
47.2960866683792	0.306505542306179	-0.110768670954757
47.4427206568759	0.289916624614267	-0.11532826229298
47.5893546453726	0.272621492749609	-0.12069099652194
47.7359886338693	0.254443708855034	-0.127843188478843
47.882622622366	0.234998150265282	-0.138167089150471
47.9829325815628	0.220644408247548	-0.148119384640939
48.0832425407597	0.205136082781059	-0.16175221077071
48.1835524999565	0.188020978775106	-0.180968124342634
48.2838624591533	0.168576313478057	-0.208533834618135
48.3841724183502	0.145685209511496	-0.248589199043664
48.484482377547	0.117982208247927	-0.307802013550229
48.5847923367438	0.0830026819621923	-0.397566447305226
48.6851022959407	0.0367272931235025	-0.534859919923011
48.7422025463174	0.00325032732333	-0.643040778543794
48.7993027966941	-0.0372430318095457	-0.780900482572483
48.8564030470708	-0.0866170246241305	-0.953844635997566
48.9135032974476	-0.146934080427028	-1.16506688732677
48.9570442150704	-0.201540279814324	-1.35035709695733
49.0005851326933	-0.264671260358445	-1.54980694930771
49.0441260503161	-0.336550896021813	-1.74514954692626
49.087666967939	-0.416164469154081	-1.90240948673296
49.1312078855618	-0.501258076521289	-1.97657126189811
49.1747488031847	-0.58607094142309	-1.89057928878996
49.2182897208075	-0.66238788558461	-1.58563974237678
49.2618306384304	-0.720645455110488	-1.04965622758988
49.2844064634325	-0.740445185106845	-0.693228458569306
49.3069822884347	-0.751795752019619	-0.305755777697935
49.3295581134368	-0.754177337481359	0.0912273951697049
49.352133938439	-0.747686856894657	0.475731231668936
49.3747097634411	-0.732913912766747	0.82627920737871
49.3972855884433	-0.710800886270133	1.125303861673
49.4198614134454	-0.682602050446471	1.36164004064652
49.4424372384476	-0.649792530755524	1.53119277059303
49.4628478839555	-0.617455257531625	1.62861645152737
49.4832585294634	-0.583640826776945	1.67724060162391
49.5036691749714	-0.549284165767675	1.68300459167539
49.5240798204793	-0.515182525027026	1.65319610332989
49.5484798641403	-0.475653221650295	1.58149604524452
49.5728799078014	-0.438241487028103	1.48088221086659
49.5972799514624	-0.403535603872689	1.36109405809686
49.6216799951234	-0.371908109236017	1.23024606808267
49.6551713207676	-0.333831682546838	1.04364840285381
49.6886626464118	-0.302000707988804	0.857608943157616
49.722153972056	-0.276294556077321	0.678342288893976
49.7556452977002	-0.256445433750629	0.508987400606442
49.8059676595383	-0.236812064603352	0.274624544134593
49.8562900213765	-0.228423698718573	0.0616475534616132
49.9066123832146	-0.230323533648369	-0.134067531799325
49.9569347450527	-0.241709339810945	-0.315963411773984
50.0163468739468	-0.266496588690318	-0.515820346421614
50.0757590028408	-0.302832471692787	-0.700727231658594
50.1351711317348	-0.349415904084003	-0.861604381505107
50.1945832606288	-0.404174512970659	-0.975601871355044
50.2445188586425	-0.454230065276153	-1.01159403469982
50.2944544566561	-0.504026148195855	-0.966538599415095
50.3443900546698	-0.548994648669413	-0.822923158107021
50.3943256526834	-0.584348732738817	-0.578677045495491
50.4223224051861	-0.598177350451298	-0.403601760943683
50.4503191576887	-0.606834789300062	-0.211404418201784
50.4783159101914	-0.609943938575438	-0.0118441356862604
50.506312662694	-0.607477389778777	0.18488245897997
50.5343094151966	-0.599692504480599	0.368564891075885
50.5623061676993	-0.587065124257399	0.53026727238791
50.5903029202019	-0.570278788052322	0.663695544571259
50.6182996727045	-0.550178302507931	0.765647411176879
50.6442053428574	-0.529428784044657	0.831561627716589
50.6701110130102	-0.507317511116531	0.871409366327771
50.696016683163	-0.484488365343223	0.88758966886558
50.7219223533158	-0.461507609396485	0.88348270519613
50.7526968052749	-0.434667779521084	0.857516367436739
50.7834712572339	-0.408907071226587	0.814112485032006
50.814245709193	-0.384680670041145	0.758647881052552
50.8450201611521	-0.362287897137937	0.69587432961949
50.8859235805167	-0.335628554250639	0.607584581395969
50.9268269998813	-0.312590906483094	0.519078257487905
50.9677304192459	-0.293100336403829	0.434462325367615
51.0086338386106	-0.276956533002012	0.356171049295728
51.0686663809817	-0.258683131076096	0.254771486127984
51.1286989233529	-0.246015153472834	0.169268426921646
51.1887314657241	-0.238064160962644	0.0983635737925636
51.2487640080952	-0.233980086760438	0.0403843888058523
51.3131178565442	-0.233036633243142	-0.00986586617087151
51.3774717049931	-0.235015051527934	-0.050493707441079
51.4418255534421	-0.239380439144998	-0.0835415365232938
51.506179401891	-0.245662696005733	-0.110330496457757
51.5666812190674	-0.252972213456079	-0.130655186203685
51.6271830362438	-0.261391313509592	-0.146986725747451
51.6876848534203	-0.270686066513726	-0.159598646841275
51.7481866705967	-0.28062875910491	-0.168462907034868
51.8266833396925	-0.294130697145956	-0.173978246434654
51.9051800087883	-0.307777700383285	-0.172162087266467
51.9836766778842	-0.32095032240046	-0.162408231962855
52.06217334698	-0.33302570172366	-0.144188076398165
52.1312795946731	-0.342243215383811	-0.121118150841502
52.2003858423663	-0.349661812484191	-0.0925218469376724
52.2694920900594	-0.354933306860711	-0.0598448316586045
52.3385983377526	-0.357855964202765	-0.0248545837073305
52.4024532512388	-0.358401136195581	0.00766705563248916
52.4663081647249	-0.356919455126444	0.0384365259544861
52.5301630782111	-0.353566806217825	0.065903439921168
52.5940179916973	-0.348592966581195	0.0889156790175343
52.6539202459522	-0.342735783265177	0.105794374669818
52.7138225002071	-0.336013886304594	0.117852051645551
52.7737247544619	-0.328714885072124	0.125114670622658
52.8336270087168	-0.321115560576093	0.127873866819853
52.9027789696286	-0.312309559204621	0.126049666769068
52.9719309305405	-0.303797492074164	0.119441171139534
53.0410828914523	-0.295886671302444	0.108630488772657
53.1102348523642	-0.288853199089468	0.0941486873331723
53.1843624447657	-0.282566450974775	0.0749195526415207
53.2584900371671	-0.277846233593826	0.0518003180417077
53.3326176295686	-0.274986238494057	0.0245817201917059
53.4067452219701	-0.274307754105637	-0.00709946612697096
53.4998278422602	-0.277028595602265	-0.0538665559055482
53.5929104625503	-0.284559257970606	-0.109673091577028
53.6859930828404	-0.297755081315915	-0.174199364719127
53.7790757031305	-0.317232235821155	-0.244550675461026
53.8407167603652	-0.333748884370035	-0.291614081484449
53.9023578175998	-0.353096991605209	-0.335346744314594
53.9639988748344	-0.374938189082514	-0.37112597753337
54.0256399320691	-0.39858917852371	-0.393275001426391
54.0872809893037	-0.423091692675333	-0.395708331305514
54.1489220465384	-0.446922168302518	-0.372363100521525
54.210563103773	-0.468361714063251	-0.320388236454768
54.2722041610076	-0.485786169660693	-0.241709133163673
54.3079479532755	-0.493464683002759	-0.18644736232381
54.3436917455433	-0.499083702910027	-0.12708898273531
54.3794355378111	-0.502534092276026	-0.0664497167711627
54.415179330079	-0.503835833910015	-0.00745188650778206
54.4509231223468	-0.503113420280139	0.0470036805771787
54.4866669146147	-0.500570295965524	0.0941845315174823
54.5224107068825	-0.496497297896496	0.131939291328588
54.5581544991503	-0.49125937769377	0.158914365162373
54.587969892057	-0.48629388257793	0.172680598968965
54.6177852849636	-0.48104000987864	0.178377645731049
54.6476006778703	-0.475736670279105	0.176208578671682
54.6774160707769	-0.470608473686981	0.16666995899225
54.7136461091368	-0.464907410763289	0.146176559408895
54.7498761474966	-0.460108797094475	0.117227176261036
54.7861061858565	-0.456496991057658	0.0814219775832494
54.8223362242163	-0.454280181359143	0.0405452982699692
54.8571926081626	-0.453595868221904	-0.00188438285924846
54.8920489921089	-0.454421399613543	-0.0457754636771717
54.9269053760553	-0.456784970834981	-0.0895114670530097
54.9617617600016	-0.460648479249845	-0.13151684510715
54.9966181439479	-0.465918797110286	-0.170264253264324
55.0314745278942	-0.472458735219164	-0.204139189828969
55.0663309118405	-0.48007447665915	-0.231623926862514
55.1011872957868	-0.488519006307515	-0.25141121467054
55.1384942826461	-0.498152368707827	-0.262835528870684
55.1758012695054	-0.508000349884431	-0.263076920279483
55.2131082563647	-0.517631548448928	-0.251648875562922
55.250415243224	-0.526625993682381	-0.228883024722852
55.2940468315411	-0.535832829050845	-0.189340502068829
55.3376784198581	-0.543053899028515	-0.139102274784618
55.3813100081752	-0.547875546251999	-0.0826145094369091
55.4249415964922	-0.550185322832281	-0.0250199692404615
55.4508608001558	-0.550409207155966	0.00742868518753646
55.4767800038193	-0.549825199196147	0.0371854960146713
55.5026992074829	-0.548514049983438	0.0632805977881111
55.5286184111464	-0.546581509737414	0.0849461241490587
55.55453761481	-0.544151494906352	0.101606837181242
55.5804568184735	-0.541360272455916	0.112847007009562
55.6063760221371	-0.538351221277381	0.118470086055228
55.6322952258006	-0.535268191600553	0.118520269936447
55.661551424504	-0.531874345003134	0.112184806885175
55.6908076232073	-0.528760650405642	0.0995782674604508
55.7200638219107	-0.526102652278999	0.0814479681022577
55.749320020614	-0.524044074269702	0.0587538829631595
55.7817190150677	-0.522598311356829	0.02959870565644
55.8141180095214	-0.522146947030359	-0.00229526008095074
55.846517003975	-0.522759139822018	-0.035312870287806
55.8789159984287	-0.524438677727886	-0.0678456393936733
55.9113149928824	-0.527136763969431	-0.0983578553132217
55.9437139873361	-0.530769238191509	-0.125326508839885
55.9761129817898	-0.535203125786675	-0.147385077409992
56.0085119762434	-0.54025919969833	-0.163457591653953
56.0390676431277	-0.545409295015452	-0.172399810857645
56.0696233100119	-0.550731085548297	-0.174775902332294
56.1001789768961	-0.556019382673941	-0.170398430118159
56.1307346437803	-0.561074180894839	-0.159468817000532
56.1663766358143	-0.56643056574428	-0.139169119822949
56.2020186278484	-0.570932925627157	-0.112086997369344
56.2376606198824	-0.574360200767194	-0.0801251200524719
56.2733026119165	-0.576595029129805	-0.0456037566467359
56.2970973017767	-0.57740410526438	-0.0224065912044935
56.3208919916369	-0.577668885995272	2.82793976593212e-05
56.3446866814972	-0.577414888904056	0.0209761848040092
56.3684813713574	-0.576686041376596	0.0397999653754335
56.3922760612176	-0.575540730677817	0.0559531866891346
56.4160707510779	-0.574048134948017	0.0689680179009316
56.4398654409381	-0.572286748438521	0.0785069013048758
56.4636601307983	-0.570341162999573	0.0843870305654264
56.4896919848327	-0.568104887688152	0.0865749433562432
56.5157238388671	-0.565869754262238	0.0843950332139319
56.5417556929015	-0.563747545938535	0.0780838142202472
56.5677875469359	-0.5618387086543	0.068051399755714
56.6009056522479	-0.559852930345161	0.0507574218445105
56.6340237575598	-0.558509962069174	0.0295690137622131
56.6671418628718	-0.557922285204097	0.00591060747711309
56.7002599681837	-0.558138556690122	-0.0186758429089411
56.7298338079345	-0.559009522591702	-0.0401635373395327
56.7594076476852	-0.560495657099989	-0.0601239864148757
56.7889814874359	-0.562540254949504	-0.0775834204587066
56.8185553271867	-0.565055264705427	-0.0917374514566272
56.8457367778959	-0.567687438333974	-0.101276032318559
56.8729182286052	-0.57052776722037	-0.107064387622878
56.9000996793145	-0.573470708362474	-0.108859176106011
56.9272811300237	-0.576408150693941	-0.106617336910409
56.9581502534063	-0.579603728445495	-0.0993483104887085
56.9890193767889	-0.582500277814042	-0.0874635638853708
57.0198885001715	-0.584961844691569	-0.071648854123234
57.0507576235541	-0.586886835687044	-0.0528498574383178
57.0755055719399	-0.587993895396402	-0.0363795499185347
57.1002535203258	-0.588684741270652	-0.0193344805471126
57.1250014687116	-0.588951520454865	-0.00235451896650029
57.1497494170975	-0.588804873952192	0.0139481816902087
57.1744973654833	-0.588270432326978	0.0290025460055328
57.1992453138692	-0.587384802956968	0.0422754653415307
57.223993262255	-0.58619680200125	0.0533254374157837
57.2487412106408	-0.584765698341947	0.0618348443449959
57.2734776092065	-0.583158384855004	0.067595876128479
57.2982140077721	-0.581444436519472	0.0704910354774847
57.3229504063377	-0.579695166721821	0.0705160124473955
57.3476868049033	-0.577979274533066	0.0677931053052704
57.3767212958797	-0.576093719245022	0.0613947100193715
57.4057557868561	-0.574439841398257	0.0519875872652717
57.4347902778326	-0.573098737130451	0.0401668032397637
57.463824768809	-0.572127407945113	0.0266395165013895
57.4888353053985	-0.571615016596489	0.0142019493112299
57.5138458419881	-0.57141744953579	0.00155184864904538
57.5388563785776	-0.571534958952924	-0.0108221288373599
57.5638669151672	-0.571953993729399	-0.0224637159437785
57.5888774517567	-0.572649827962447	-0.0329549737670301
57.6138879883462	-0.573589270857377	-0.0419062783119684
57.6388985249358	-0.574730134786543	-0.0489940421282587
57.6639090615253	-0.576022783202332	-0.0539825648443911
57.6903796321842	-0.577495686047888	-0.0568047013520207
57.716850202843	-0.579007934192167	-0.0569945976754202
57.7433207735019	-0.580489342855478	-0.0545597237276818
57.7697913441608	-0.581873271148417	-0.0496347610881793
57.801435233195	-0.583315525735573	-0.0408173431804626
57.8330791222293	-0.584433854873358	-0.0293472969647248
57.8647230112635	-0.585151747526403	-0.015932915901252
57.8963669002977	-0.585424999704409	-0.0013991339141053
57.9274558692365	-0.585244230385381	0.0131266232797861
57.9585448381752	-0.584619062978919	0.0270605292701709
57.9896338071139	-0.583576464524649	0.0396359784413601
58.0207227760526	-0.582171086490606	0.0502309859132038
58.0463566487712	-0.580790887142815	0.05713345618872
58.0719905214899	-0.579257906284883	0.062155365660596
58.0976243942086	-0.577621811070742	0.065179407021083
58.1232582669272	-0.575933715953071	0.0661895731666167
58.1524194217959	-0.574013962214683	0.0649787246711895
58.1815805766646	-0.572164821302346	0.0614343937596116
58.2107417315333	-0.570451317799268	0.0558475865166302
58.239902886402	-0.5689255927025	0.0486152370914669
58.2701161093994	-0.567584756114151	0.0398754325138714
58.3003293323968	-0.566520790396901	0.030398012366303
58.3305425553942	-0.565749658715698	0.0207378235727835
58.3607557783916	-0.565266812357089	0.0114303563297037
58.3826613274619	-0.565085757461997	0.00518947374000727
58.4045668765323	-0.565034804436518	-0.000427821148519568
58.4264724256026	-0.565098728040431	-0.00526853078454609
58.448377974673	-0.565259132319521	-0.0092086234768382
58.4702835237433	-0.565495152403005	-0.0121510985172708
58.4921890728136	-0.565783854565663	-0.0140213225726592
58.514094621884	-0.566101178094238	-0.0147765831665761
58.5360001709543	-0.566422817686277	-0.0144088928323667
58.5615600957041	-0.566771598150535	-0.0125922085370897
58.5871200204538	-0.567055325665469	-0.00935957517215567
58.6126799452036	-0.567238911324348	-0.00484207948302666
58.6382398699533	-0.567292547901044	0.000780647301644122
58.674297253805	-0.567102885660118	0.0101752991767444
58.7103546376566	-0.566552234211334	0.0206398743167631
58.7464120215083	-0.565610544493449	0.0314360306932443
58.7824694053599	-0.564283623879879	0.0418398674683978
58.8125583077726	-0.562903889608785	0.0497379399679358
58.8426472101852	-0.561302188242966	0.0565637811570492
58.8727361125978	-0.559513934563602	0.0620496742382738
58.9028250150105	-0.55758242292204	0.066028971493268
58.9338780741415	-0.555488967558109	0.0684730995326783
58.9649311332726	-0.553346803508739	0.0692054980333162
58.9959841924037	-0.551208383466489	0.0682954205018285
59.0270372515348	-0.549121299187067	0.0659119510581361
59.0637761928983	-0.546773641510967	0.0615159814606989
59.1005151342619	-0.544613178913529	0.0558389651918545
59.1372540756254	-0.542680402052474	0.0493875697141257
59.173993016989	-0.540990909487768	0.0427032969039485
59.2062387407231	-0.539705497077188	0.0370617148840395
59.2384844644572	-0.538593861053564	0.0319648671362257
59.2707301881913	-0.537634797794382	0.0276943299456983
59.3029759119254	-0.536797624622223	0.0244629476459667
59.3352216356596	-0.536045587280245	0.0224192054346777
59.3674673593937	-0.535338421811638	0.0216631701066783
59.3997130831278	-0.534633934296268	0.0222232541523953
59.4319588068619	-0.533891080945224	0.0240475296954252
59.4651082279721	-0.533047154226864	0.0271208018135758
59.4982576490823	-0.532083080911643	0.0312397141633599
59.5314070701925	-0.530966660830639	0.0361860940329934
59.5645564913027	-0.529675993330785	0.0417056015369486
59.6059830054127	-0.527800412923644	0.0490029763476992
59.6474095195228	-0.525621939729195	0.0562373862133234
59.6888360336328	-0.52314935755966	0.0629134781121467
59.7302625477428	-0.520417496685091	0.0686366831411369
59.7680537547233	-0.517741657142638	0.0727826512093047
59.8058449617038	-0.514931719984784	0.0757431059637846
59.8436361686844	-0.512033251082082	0.0774501446466201
59.8814273756649	-0.509092860256326	0.0779428451101477
59.9224362218101	-0.505905540627424	0.0772402253000914
59.9634450679552	-0.502770948886531	0.0754366043644234
60.0044539141004	-0.499730347877871	0.0727848042375357
60.0454627602456	-0.496810667852642	0.0695904957010583
60.0930481839891	-0.493591490559441	0.0656176830893469
60.1406336077326	-0.490559377962862	0.0617954361217663
60.1882190314761	-0.487700767100051	0.0585306353085291
60.2358044552196	-0.484979145397454	0.0561313774868906
60.2833898789631	-0.482345104126778	0.0547987190625606
60.3309753027066	-0.479745724441858	0.0546470927421669
60.3785607264501	-0.477124424563138	0.055689315576098
60.4261461501936	-0.474427833616179	0.0578165293033795
60.4766840009386	-0.471430296761987	0.0610531916852498
60.5272218516835	-0.468248512010969	0.0650344015812005
60.5777597024285	-0.464849440924155	0.0694543813543276
60.6282975531735	-0.461222034701605	0.0739991760402166
60.6863715055973	-0.456779739299703	0.079009845789977
60.744445458021	-0.452062275526228	0.0834396488827905
60.8025194104448	-0.447106356897109	0.0870172805094626
60.8605933628685	-0.441968501933418	0.0896276584497866
60.9149276523544	-0.437051642449384	0.0912017030503574
60.9692619418403	-0.432071554357398	0.0919871437439601
61.0235962313262	-0.427068347394286	0.0920913878741594
61.077930520812	-0.42207405078633	0.0916766409643666
61.1455755596399	-0.41590196279677	0.0907098483689073
61.2132205984678	-0.409803847683918	0.0895338366740586
61.2808656372957	-0.403786734735039	0.0884274430534552
61.3485106761236	-0.397836607659338	0.0876127463780151
61.4445256925014	-0.389452429206861	0.087226511369912
61.5405407088791	-0.381053722483997	0.0878702502850957
61.6365557252569	-0.372543766712004	0.0895171115434403
61.7325707416347	-0.363837779918247	0.0919572645378513
61.8311901554904	-0.35462385524574	0.0949710336310417
61.929809569346	-0.345099050088833	0.0982421866666715
62.0284289832016	-0.335246356447784	0.10156486997715
62.1270483970572	-0.325067237382596	0.104819385164764
62.292803857015	-0.307224821642715	0.109991993243094
62.4585593169727	-0.288537831709446	0.11530852603023
62.6243147769305	-0.268941194605921	0.121766426117717
62.7900702368882	-0.248100100415268	0.130568008319964
62.8965863952152	-0.233780629913786	0.138335354001704
63.0031025535421	-0.218508606723031	0.14891677606857
63.1096187118691	-0.201913830740122	0.163858251640753
63.216134870196	-0.183390135684204	0.185410381617822
63.322651028523	-0.161968294339436	0.216951308414124
63.42916718685	-0.136518827122089	0.264067852265194
63.5356833451769	-0.104895026242357	0.336730512663162
63.6421995035039	-0.0634525994789018	0.450081007801827
63.7031089167055	-0.0333873537904351	0.541464872133461
63.7640183299071	0.00304450730378163	0.660132203589617
63.8249277431087	0.0477237754896101	0.812875963065122
63.8858371563103	0.102910036329493	1.00620983854616
63.9305134027522	0.151493009019786	1.17591022949724
63.975189649194	0.20826014421645	1.36799373688136
64.0198658956358	0.273999866473824	1.57259242990605
64.0645421420777	0.348700683957416	1.76777508582331
64.1092183885195	0.43141430201758	1.92062925164988
64.1538946349613	0.518660004645714	1.96323700023437
64.1985708814032	0.604024931001921	1.82638941652479
64.243247127845	0.678425820678994	1.45991490268882
64.2668865172216	0.709648958835949	1.1653534979639
64.2905259065982	0.733167098404863	0.812957737168549
64.3141652959748	0.747748184103319	0.420017591935201
64.3378046853514	0.752773982710777	0.008271484265165
64.361444074728	0.748167022816082	-0.39662389650883
64.3850834641046	0.734350849945679	-0.76838500606982
64.4087228534812	0.712289145068217	-1.0865853980834
64.4323622428578	0.68343895213405	-1.33825008744169
64.4523324406028	0.655061038030651	-1.49477183110995
64.4723026383477	0.62407557982424	-1.60044485415883
64.4922728360927	0.591463497272852	-1.65845854779697
64.5122430338376	0.55811751045132	-1.67436576974197
64.5351699224579	0.519935342229306	-1.64957177408861
64.5580968110782	0.482758310192703	-1.58808166074798
64.5810236996985	0.447321284907793	-1.49931229641744
64.6039505883188	0.41415200915379	-1.39187088157173
64.6340513320604	0.374602784892817	-1.23431166055036
64.664152075802	0.3399363168386	-1.06811053587866
64.6942528195436	0.310292430180239	-0.901351325513745
64.7243535632852	0.285620369145034	-0.739208049009776
64.7689600637489	0.257762969360294	-0.512759731076048
64.8135665642127	0.239593904284459	-0.304421255620324
64.8581730646764	0.230336053634324	-0.113409663083584
64.9027795651402	0.229263804916102	0.062581873377338
64.948985879069	0.236114969818393	0.23238550806644
64.9951921929977	0.250599220343326	0.392591946795551
65.0413985069265	0.272287343063896	0.544405271408312
65.0876048208553	0.300749617597528	0.686182923455027
65.1338111347841	0.335467555327293	0.813417236707409
65.1800174487129	0.375586957241472	0.917112808474221
65.2262237626417	0.419680713883439	0.983978138566695
65.2724300765705	0.465663791442973	0.997011917696508
65.3135438973885	0.505992180310294	0.948331635618784
65.3546577182065	0.542899882442199	0.833430112455125
65.3957715390245	0.573540032395733	0.651201645895027
65.4368853598424	0.595460995727118	0.409666772723552
65.4645325827323	0.60426128197405	0.223270748315701
65.4921798056222	0.607774629492434	0.0290977037003043
65.519827028512	0.605893204116993	-0.162875658141743
65.5474742514019	0.598835820936033	-0.343280822286182
65.5751214742917	0.58707244585491	-0.503765786609522
65.6027686971816	0.571233267186744	-0.638034195723278
65.6304159200715	0.552081005344742	-0.742398294356138
65.6580631429613	0.53045649377281	-0.816025191913839
65.6848326367367	0.507969557469614	-0.859436258713423
65.711602130512	0.484663515294606	-0.877936835988531
65.7383716242873	0.461160682955212	-0.874887979348969
65.7651411180627	0.437981922148081	-0.854273456570992
65.797592530097	0.410910284427105	-0.811572669728097
65.8300439421313	0.385457631470985	-0.755173998744669
65.8624953541656	0.361982878351092	-0.69042011820605
65.8949467661999	0.340688492870251	-0.621724077507766
65.9393595908703	0.315189816250284	-0.527203938514075
65.9837724155408	0.293804604065576	-0.436631719627479
66.0281852402113	0.276288322545431	-0.353188734188271
66.0725980648818	0.262298847332296	-0.278399567030355
66.141344585811	0.246603075993949	-0.180187696885606
66.2100911067403	0.237002693420418	-0.101023477025744
66.2788376276696	0.232353967101297	-0.0378622164227853
66.3475841485988	0.231570331608811	0.0116516909472519
66.406656070218	0.23327669583065	0.0452524579568858
66.4657279918372	0.236781279475994	0.0725975150577181
66.5247999134564	0.241756942961925	0.0948556561616618
66.5838718350756	0.24791622753784	0.112831876173141
66.6505118870159	0.255985484199284	0.128656390416135
66.7171519389561	0.2649713677831	0.140315279397631
66.7837919908963	0.274602812711774	0.148048054418686
66.8504320428366	0.284614617084044	0.151786336968189
66.9287515420898	0.296513636683427	0.150754932772425
67.0070710413431	0.308089796909079	0.143629346848144
67.0853905405963	0.318847048049112	0.130294442049942
67.1637100398496	0.328318418301434	0.110828619964484
67.2359128786734	0.335528636197547	0.0879196898868373
67.3081157174972	0.340946606951675	0.0615173538536514
67.380318556321	0.344362069418696	0.0331038304167405
67.4525213951448	0.345701216190975	0.00430038340770135
67.5202875678803	0.345105828003239	-0.021507309818476
67.5880537406159	0.342847728320746	-0.0446610737791914
67.6558199133514	0.339141623425322	-0.0640569150110635
67.7235860860869	0.33426668278044	-0.0789506920695306
67.7913583016694	0.328547706643233	-0.0889516446859866
67.859130517252	0.322322690002719	-0.0939449755745629
67.9269027328345	0.31592718735014	-0.0940248375293842
67.994674948417	0.309682988916155	-0.0894868778818297
68.0675641724011	0.303483801660812	-0.0798571104867243
68.1404533963851	0.298158465824579	-0.0655161759898214
68.2133426203692	0.294042655858056	-0.046632063879398
68.2862318443533	0.291465676628638	-0.0233146667593617
68.3722444966939	0.290825457362808	0.00993479218475566
68.4582571490345	0.293342043132325	0.0498351135939616
68.5442698013751	0.299598501027211	0.0963285382285724
68.6302824537157	0.310102259095818	0.148555366334191
68.7061156970535	0.323182510619943	0.197908556752814
68.7819489403914	0.340068978866481	0.247521315117221
68.8577821837293	0.360634322533072	0.292644584352134
68.9336154270672	0.38422824358841	0.326515172860638
68.9990378622849	0.406187470354054	0.340628906312845
69.0644602975026	0.428395918458415	0.334453098174568
69.1298827327204	0.449379838672164	0.304004068979172
69.1953051679381	0.467593276202315	0.24907092618721
69.2346930398397	0.476582750304862	0.205605190926309
69.2740809117414	0.483737577109833	0.156521228163509
69.313468783643	0.488869220462891	0.104260774443128
69.3528566555446	0.491923458735572	0.0515651237234492
69.382282694594	0.492879049424175	0.0136781859562263
69.4117087336435	0.492756363995492	-0.0215665727521163
69.4411347726929	0.491647441896106	-0.0530724164137358
69.4705608117424	0.48967652744659	-0.0799443183163915
69.4999868507918	0.486992181344755	-0.101486052761193
69.5294128898413	0.483760248913308	-0.117180502017989
69.5588389288907	0.48015720096832	-0.126747105583192
69.5882649679402	0.47636236952941	-0.130164666018337
69.6217408393259	0.472036644530534	-0.126820610330754
69.6552167107117	0.467947508148412	-0.116232772896805
69.6886925820974	0.464328852628717	-0.0991050495987682
69.7221684534831	0.461379851790075	-0.0763672975840448
69.7582018772061	0.459141607864234	-0.046825176429437
69.7942353009291	0.458044394504748	-0.0133412642040275
69.8302687246521	0.458210384662504	0.0226424180399788
69.8663021483751	0.459696712489873	0.0596468905238663
69.8997266112813	0.462258890463865	0.0936027224870805
69.9331510741875	0.465932881332898	0.125969259016243
69.9665755370938	0.470648385876012	0.155557612680492
70	0.476291797564372	0.181264530953599
