4.999999999999999289e+01 1.195455484684511127e+00 nan 3.135483697830503402e+00 nan
5.361336110051615123e+01 1.195587735153099684e+00 nan 3.135861650462614669e+00 nan
5.748784976988677187e+01 1.195750939630885190e+00 nan 3.135733222269616149e+00 nan
6.164233697210328700e+01 1.196039978354565880e+00 nan 3.134849908721555778e+00 nan
6.609705742330142186e+01 1.197210447517783605e+00 nan 3.133866153380518327e+00 nan
7.087370814634026317e+01 1.196211365938810944e+00 nan 3.132429265942037411e+00 nan
7.599555414764668626e+01 1.195913652893115797e+00 nan 3.132984976867542848e+00 nan
8.148754173103220921e+01 1.196709033498014163e+00 nan 3.131357343157668893e+00 nan
8.737642000038418644e+01 1.196318238627414710e+00 nan 3.132280113024751067e+00 nan
9.369087114301918007e+01 1.196004918579705478e+00 nan 3.129921758817672206e+00 nan
1.004616501282523870e+02 1.196790182845764550e+00 nan 3.130248686231186461e+00 nan
1.077217345015942129e+02 1.196498943878960386e+00 nan 3.128517304514739195e+00 nan
1.155064850041580087e+02 1.194280146536692566e+00 nan 3.127819391644337088e+00 nan
1.238538177995855563e+02 1.197123602672145903e+00 nan 3.127062325709959900e+00 nan
1.328043891473343194e+02 1.195498735377216848e+00 nan 3.125414474509879525e+00 nan
1.424017934217900745e+02 1.196999614980704285e+00 nan 3.123880050358589955e+00 nan
1.526927754416707614e+02 1.196522333320182652e+00 nan 3.122121088893689667e+00 nan
1.637274581438863947e+02 1.196993067468099525e+00 nan 3.120806347331809505e+00 nan
1.755595867107565198e+02 1.196089048120349885e+00 nan 3.119802824197815738e+00 nan
1.882467903396233453e+02 1.197385987442032507e+00 nan 3.121615624782723586e+00 nan
2.018508629298276560e+02 1.196034540720447792e+00 nan 3.117122714379798154e+00 nan
2.164380640541528180e+02 1.198331517747972308e+00 nan 3.114227410900297421e+00 nan
2.320794416806390643e+02 1.197824511964009631e+00 nan 3.112398996550370001e+00 nan
2.488511782166056605e+02 1.197744012261783286e+00 nan 3.111304047968817876e+00 nan
2.668349615603156053e+02 1.196612033768048589e+00 nan 3.108105946911208228e+00 nan
2.861183829675109678e+02 1.194824580450672524e+00 nan 3.105967876647761194e+00 nan
3.067953636706587304e+02 1.196310398427728128e+00 nan 3.104961513390742667e+00 nan
3.289666123287840946e+02 1.199183946172452497e+00 nan 3.099926986363496617e+00 nan
3.527401155359322047e+02 1.197315151662695198e+00 nan 3.098162893703936938e+00 nan
3.782316637773144521e+02 1.199309682531731980e+00 nan 3.097386647289420480e+00 nan
4.055654153948435692e+02 1.198733631270198163e+00 nan 3.090604061076763998e+00 nan
4.348745013088916380e+02 1.198951099679689047e+00 nan 3.089045441335998454e+00 nan
4.663016734416099212e+02 1.199424906588671513e+00 nan 3.084467557602488696e+00 nan
4.999999999999999432e+02 1.200481456749121767e+00 nan 3.078209998603320230e+00 nan
5.361336110051614696e+02 1.201943667797362947e+00 nan 3.076739855738123808e+00 nan
5.748784976988677045e+02 1.203593774035220720e+00 nan 3.072193036326137161e+00 nan
6.164233697210328273e+02 1.202206925390555181e+00 nan 3.066263766296332349e+00 nan
6.609705742330143039e+02 1.202663029679976292e+00 nan 3.059829060515534493e+00 nan
7.087370814634023191e+02 1.203836823891371477e+00 nan 3.054481305733523833e+00 nan
7.599555414764664647e+02 1.207120622915135444e+00 nan 3.047285781521306802e+00 nan
8.148754173103216090e+02 1.207304520106032619e+00 nan 3.039807706111789187e+00 nan
8.737642000038413244e+02 1.211280780823644543e+00 nan 3.033633691031751844e+00 nan
9.369087114301913743e+02 1.212029789445676631e+00 nan 3.027086321243672273e+00 nan
1.004616501282522790e+03 1.215970675794883160e+00 nan 3.016707561882276956e+00 nan
1.077217345015942101e+03 1.216454997478836786e+00 nan 3.007478780162985643e+00 nan
1.155064850041580030e+03 1.222735424480309696e+00 nan 2.998403519852528731e+00 nan
1.238538177995855449e+03 1.225700302579597833e+00 nan 2.987011172101929013e+00 nan
1.328043891473343137e+03 1.228246646148822174e+00 nan 2.973529192705726132e+00 nan
1.424017934217900802e+03 1.233776259153604560e+00 nan 2.962072173842383194e+00 nan
1.526927754416707558e+03 1.240294049025157275e+00 nan 2.948562433430967467e+00 nan
1.637274581438864061e+03 1.244255794910738233e+00 nan 2.932932457165919438e+00 nan
1.755595867107565255e+03 1.255651998405466818e+00 nan 2.915200368232052419e+00 nan
1.882467903396233396e+03 1.266424702113102319e+00 nan 2.896011941935522138e+00 nan
2.018508629298278720e+03 1.276880522511392613e+00 nan 2.878254841915154572e+00 nan
2.164380640541530283e+03 1.288289017188817720e+00 nan 2.854392303590445934e+00 nan
2.320794416806390927e+03 1.299523965008889892e+00 nan 2.831604134294625652e+00 nan
2.488511782166056491e+03 1.316354790545875231e+00 nan 2.803533887262883439e+00 nan
2.668349615603156053e+03 1.334173720544249431e+00 nan 2.772385724553491748e+00 nan
2.861183829675109791e+03 1.357540650884663691e+00 nan 2.737608478195856065e+00 nan
3.067953636706587531e+03 1.383183962956431090e+00 nan 2.698562721687380872e+00 nan
3.289666123287840946e+03 1.412278115069268480e+00 nan 2.652561636789313226e+00 nan
3.527401155359322274e+03 1.443348428481127099e+00 nan 2.602601353302373965e+00 nan
3.782316637773144976e+03 1.477308027110489252e+00 nan 2.541505532083518482e+00 nan
4.055654153948435578e+03 1.518009550742440483e+00 nan 2.474054025243513699e+00 nan
4.348745013088916494e+03 1.560249012463085894e+00 nan 2.391853502824783817e+00 nan
4.663016734416099098e+03 1.601264209061338706e+00 nan 2.295541567495311241e+00 nan
4.999999999999999091e+03 1.638511091599773373e+00 nan 2.186552569985195760e+00 nan
5.361336110051614924e+03 1.656471450667626355e+00 nan 2.051973416921220483e+00 nan
5.748784976988677045e+03 1.656281623199219455e+00 nan 1.897897927219000636e+00 nan
6.164233697210328501e+03 1.620068694537144749e+00 nan 1.734109167704849241e+00 nan
6.609705742330143039e+03 1.537202001352887981e+00 nan 1.555198421999008929e+00 nan
7.087370814634023191e+03 1.414026760646729608e+00 nan 1.378219716160160147e+00 nan
7.599555414764664420e+03 1.267177909079912235e+00 nan 1.209775940653830872e+00 nan
8.148754173103224275e+03 1.097571399343777454e+00 nan 1.047182080395297810e+00 nan
8.737642000038422339e+03 9.487591440929658004e-01 nan 9.208765848145166188e-01 nan
9.369087114301923066e+03 8.096255925372758400e-01 nan 8.031672990031215598e-01 nan
1.004616501282522768e+04 6.856300015715575125e-01 nan 7.033932245763070412e-01 nan
1.077217345015943101e+04 5.794866295118059618e-01 nan 6.138671442866940886e-01 nan
1.155064850041578939e+04 4.924582495690261186e-01 nan 5.438079134808839754e-01 nan
1.238538177995856859e+04 4.158502625409931097e-01 nan 4.794914813967370293e-01 nan
1.328043891473341864e+04 3.541911374788017652e-01 nan 4.218781502097850300e-01 nan
1.424017934217902257e+04 3.015011421596092145e-01 nan 3.745600476315185112e-01 nan
1.526927754416706011e+04 2.580977969904515446e-01 nan 3.406266611622692508e-01 nan
1.637274581438865607e+04 2.207520223406873039e-01 nan 2.762419924436363416e-01 nan
1.755595867107563390e+04 1.865560416003042288e-01 nan 2.632203361190521562e-01 nan
1.882467903396235488e+04 1.639448100141868148e-01 nan 2.127831292308397515e-01 nan
2.018508629298274536e+04 1.390447637062294239e-01 nan 2.263130225139207141e-01 nan
2.164380640541530374e+04 1.181269316647970413e-01 nan 1.675836251864395443e-01 nan
2.320794416806390655e+04 1.087193491057864281e-01 nan 1.088949039265902918e-01 nan
2.488511782166056582e+04 8.993382449776138321e-02 nan 1.174140136421244485e-01 nan
2.668349615603156053e+04 7.867147833604253016e-02 nan 9.851449858119032399e-02 nan
2.861183829675109519e+04 6.951895946276610838e-02 nan 9.468889139933400756e-02 nan
3.067953636706587349e+04 5.795948559699683200e-02 nan 6.917107937557620545e-02 nan
3.289666123287841037e+04 5.067949564518491046e-02 nan 6.757656173550286027e-02 nan
3.527401155359322001e+04 4.523481120667345590e-02 nan 2.401393862538903079e-03 nan
3.782316637773144612e+04 3.755997641079143745e-02 nan -1.813222069282360849e-04 nan
4.055654153948435851e+04 3.391255134237663310e-02 nan -3.601783380161904802e-02 nan
4.348745013088916312e+04 2.891799160089362705e-02 nan 7.632914507033738971e-03 nan
4.663016734416098916e+04 2.598220566076623120e-02 nan -1.540641910269080483e-02 nan
4.999999999999999272e+04 2.373525405652031003e-02 nan -8.533330247873571750e-02 nan
