4.999999999999999289e+01 1.196285830781329773e+00 nan 3.135247736626288528e+00 nan
5.361336110051615123e+01 1.196654767122627971e+00 nan 3.134803614100491131e+00 nan
5.748784976988677187e+01 1.196019566007241908e+00 nan 3.134605665169148736e+00 nan
6.164233697210328700e+01 1.194433595452386365e+00 nan 3.133743508334725369e+00 nan
6.609705742330142186e+01 1.196725324286439074e+00 nan 3.133552128363104927e+00 nan
7.087370814634026317e+01 1.197055699421785357e+00 nan 3.132397057520364569e+00 nan
7.599555414764668626e+01 1.195410258960716510e+00 nan 3.131489393723950521e+00 nan
8.148754173103220921e+01 1.196653774678037685e+00 nan 3.131240763536368377e+00 nan
8.737642000038418644e+01 1.196204448035318890e+00 nan 3.129998396025211349e+00 nan
9.369087114301918007e+01 1.195740117651470369e+00 nan 3.130113896330645851e+00 nan
1.004616501282523870e+02 1.196827648990383075e+00 nan 3.128929349052677722e+00 nan
1.077217345015942129e+02 1.196380433485319861e+00 nan 3.127962023522767865e+00 nan
1.155064850041580087e+02 1.196571808346322374e+00 nan 3.127772669692424401e+00 nan
1.238538177995855563e+02 1.195285553925734323e+00 nan 3.126893549116859461e+00 nan
1.328043891473343194e+02 1.195841859273592656e+00 nan 3.125141323315737907e+00 nan
1.424017934217900745e+02 1.196279253318539348e+00 nan 3.124418164325208025e+00 nan
1.526927754416707614e+02 1.196845692925821325e+00 nan 3.122412359419527661e+00 nan
1.637274581438863947e+02 1.197296908342956545e+00 nan 3.121171248139893883e+00 nan
1.755595867107565198e+02 1.196296747876452349e+00 nan 3.120313348969760980e+00 nan
1.882467903396233453e+02 1.195241860029980563e+00 nan 3.119013638788067588e+00 nan
2.018508629298276560e+02 1.197318576940795243e+00 nan 3.117420196963792911e+00 nan
2.164380640541528180e+02 1.196801089205999702e+00 nan 3.115546051697009489e+00 nan
2.320794416806390643e+02 1.195591795563544890e+00 nan 3.112636825473564350e+00 nan
2.488511782166056605e+02 1.196672918261405982e+00 nan 3.110661787794903432e+00 nan
2.668349615603156053e+02 1.196546989308369335e+00 nan 3.109484085129871289e+00 nan
2.861183829675109678e+02 1.196480933985853534e+00 nan 3.107042773162183025e+00 nan
3.067953636706587304e+02 1.197359694124128904e+00 nan 3.103284869023356762e+00 nan
3.289666123287840946e+02 1.198187575078755174e+00 nan 3.100464082742915295e+00 nan
3.527401155359322047e+02 1.199094986737364588e+00 nan 3.098232391468707547e+00 nan
3.782316637773144521e+02 1.200433685399371342e+00 nan 3.096417883123759651e+00 nan
4.055654153948435692e+02 1.200140829827823552e+00 nan 3.091246129006515631e+00 nan
4.348745013088916380e+02 1.197823093758533020e+00 nan 3.088282332785313500e+00 nan
4.663016734416099212e+02 1.200371246650222101e+00 nan 3.083675384364688021e+00 nan
4.999999999999999432e+02 1.201641207701087399e+00 nan 3.081412982477438334e+00 nan
5.361336110051614696e+02 1.200978887523451055e+00 nan 3.075643679425832389e+00 nan
5.748784976988677045e+02 1.202710139422723756e+00 nan 3.071035491430276210e+00 nan
6.164233697210328273e+02 1.202391153015913705e+00 nan 3.064772692207927030e+00 nan
6.609705742330143039e+02 1.205465617894051267e+00 nan 3.058948676144535028e+00 nan
7.087370814634023191e+02 1.207009212708025192e+00 nan 3.053865806627467983e+00 nan
7.599555414764664647e+02 1.207672640519395379e+00 nan 3.047047292464451829e+00 nan
8.148754173103216090e+02 1.208687505677249696e+00 nan 3.040738038658837183e+00 nan
8.737642000038413244e+02 1.211140942018793742e+00 nan 3.032597675776217194e+00 nan
9.369087114301913743e+02 1.212994137021727203e+00 nan 3.025931993601690628e+00 nan
1.004616501282522790e+03 1.214706194918613980e+00 nan 3.015464497912290653e+00 nan
1.077217345015942101e+03 1.218617431343185897e+00 nan 3.006917359928161559e+00 nan
1.155064850041580030e+03 1.221491701208123670e+00 nan 2.997246643193271609e+00 nan
1.238538177995855449e+03 1.226637953494775779e+00 nan 2.986312903470244251e+00 nan
1.328043891473343137e+03 1.230420870820684742e+00 nan 2.975077659606968794e+00 nan
1.424017934217900802e+03 1.237107701345570909e+00 nan 2.960858512301002499e+00 nan
1.526927754416707558e+03 1.239555387622568450e+00 nan 2.946250680344706829e+00 nan
1.637274581438864061e+03 1.248061172801135932e+00 nan 2.931687261441229708e+00 nan
1.755595867107565255e+03 1.253447215283778560e+00 nan 2.916001928387340847e+00 nan
1.882467903396233396e+03 1.265088996675059807e+00 nan 2.896672158969312960e+00 nan
2.018508629298278720e+03 1.275608891996445893e+00 nan 2.875910889891701849e+00 nan
2.164380640541530283e+03 1.286525945202170451e+00 nan 2.855185749474001611e+00 nan
2.320794416806390927e+03 1.299608099758500668e+00 nan 2.828605459560806779e+00 nan
2.488511782166056491e+03 1.318638219505317677e+00 nan 2.802624622050212011e+00 nan
2.668349615603156053e+03 1.336745857393272008e+00 nan 2.770895606329317751e+00 nan
2.861183829675109791e+03 1.357551845061673701e+00 nan 2.736586224164365255e+00 nan
3.067953636706587531e+03 1.383771464978743815e+00 nan 2.697963806595650382e+00 nan
3.289666123287840946e+03 1.413406833315739020e+00 nan 2.651464234280526355e+00 nan
3.527401155359322274e+03 1.445165760605982674e+00 nan 2.601239868123526477e+00 nan
3.782316637773144976e+03 1.480845938985071664e+00 nan 2.541553131374519658e+00 nan
4.055654153948435578e+03 1.521230756233302950e+00 nan 2.471757043312031499e+00 nan
4.348745013088916494e+03 1.560333949901347550e+00 nan 2.389106155146281552e+00 nan
4.663016734416099098e+03 1.604804507668083469e+00 nan 2.291059496226260705e+00 nan
4.999999999999999091e+03 1.640000299434866360e+00 nan 2.179115729454281336e+00 nan
5.361336110051614924e+03 1.663380570777382106e+00 nan 2.045989779682201970e+00 nan
5.748784976988677045e+03 1.658171634066428979e+00 nan 1.893086392590456413e+00 nan
6.164233697210328501e+03 1.618037404545124458e+00 nan 1.725848819822807911e+00 nan
6.609705742330143039e+03 1.534781909027844504e+00 nan 1.548721173783361493e+00 nan
7.087370814634023191e+03 1.409153864320531913e+00 nan 1.369202537913614570e+00 nan
7.599555414764664420e+03 1.257504406480960402e+00 nan 1.200064094961260430e+00 nan
8.148754173103224275e+03 1.097395146878254124e+00 nan 1.045851028923510562e+00 nan
8.737642000038422339e+03 9.422241879535547815e-01 nan 9.109417890203515000e-01 nan
9.369087114301923066e+03 8.037806296059926137e-01 nan 7.970771091583830348e-01 nan
1.004616501282522768e+04 6.773269953864961002e-01 nan 6.983144516177324235e-01 nan
1.077217345015943101e+04 5.738747497994999280e-01 nan 6.130736192938419649e-01 nan
1.155064850041578939e+04 4.838734178503005245e-01 nan 5.402918952851680778e-01 nan
1.238538177995856859e+04 4.113665770420784074e-01 nan 4.813938756480906633e-01 nan
1.328043891473341864e+04 3.510785528206539774e-01 nan 4.222958546293087423e-01 nan
1.424017934217902257e+04 2.975461345475692299e-01 nan 3.751170592158383776e-01 nan
1.526927754416706011e+04 2.568630360440392613e-01 nan 3.359200723213215944e-01 nan
1.637274581438865607e+04 2.196229687380205076e-01 nan 2.931347887099713390e-01 nan
1.755595867107563390e+04 1.891833393449569578e-01 nan 2.591996832654261951e-01 nan
1.882467903396235488e+04 1.617533577637137454e-01 nan 2.234253344687138210e-01 nan
2.018508629298274536e+04 1.407726421967835650e-01 nan 2.048060523556536339e-01 nan
2.164380640541530374e+04 1.190152044871157222e-01 nan 1.649178947487848212e-01 nan
2.320794416806390655e+04 1.047205229834054924e-01 nan 1.456122672827926401e-01 nan
2.488511782166056582e+04 9.093231737143256388e-02 nan 1.182361014227617524e-01 nan
2.668349615603156053e+04 7.879127398210553079e-02 nan 1.042405393821095316e-01 nan
2.861183829675109519e+04 6.694229037817225891e-02 nan 7.766675514847154460e-02 nan
3.067953636706587349e+04 5.949422054088100015e-02 nan 5.788635534328445686e-02 nan
3.289666123287841037e+04 5.142059577542259369e-02 nan 2.487896976425574280e-02 nan
3.527401155359322001e+04 4.485782921481912960e-02 nan 3.021460383783614034e-02 nan
3.782316637773144612e+04 3.885986101880478660e-02 nan -9.162511580544929757e-04 nan
4.055654153948435851e+04 3.529862179317413279e-02 nan -1.604554801660684760e-02 nan
4.348745013088916312e+04 2.783230123638983505e-02 nan -9.954668177875536372e-02 nan
4.663016734416098916e+04 2.366655004614780927e-02 nan -7.082946832532988068e-02 nan
4.999999999999999272e+04 2.053269577548454822e-02 nan -9.430340986978169582e-02 nan
