4.999999999999999289e+01 1.208164425717580981e+00 nan 3.135330212123600191e+00 nan
5.361336110051615123e+01 1.207923376400851900e+00 nan 3.134836273195263701e+00 nan
5.748784976988677187e+01 1.207704435332479953e+00 nan 3.134991907017014690e+00 nan
6.164233697210328700e+01 1.209373947228193469e+00 nan 3.133772904383644864e+00 nan
6.609705742330142186e+01 1.207615268541051723e+00 nan 3.132963241945162736e+00 nan
7.087370814634026317e+01 1.208766458820642598e+00 nan 3.132535768091146089e+00 nan
7.599555414764668626e+01 1.208690202000630931e+00 nan 3.131884968026706240e+00 nan
8.148754173103220921e+01 1.207724921453489975e+00 nan 3.131335199590899343e+00 nan
8.737642000038418644e+01 1.208036761831145611e+00 nan 3.130690805349433781e+00 nan
9.369087114301918007e+01 1.207980041471712118e+00 nan 3.130094028132866413e+00 nan
1.004616501282523870e+02 1.208505368908525224e+00 nan 3.127952610437899850e+00 nan
1.077217345015942129e+02 1.207340453788837698e+00 nan 3.128666754895201407e+00 nan
1.155064850041580087e+02 1.207812846449818789e+00 nan 3.127474467010617154e+00 nan
1.238538177995855563e+02 1.208569254603017784e+00 nan 3.125631424185499441e+00 nan
1.328043891473343194e+02 1.208562542086082825e+00 nan 3.125857789335357850e+00 nan
1.424017934217900745e+02 1.207997423747700694e+00 nan 3.123549507747854115e+00 nan
1.526927754416707614e+02 1.209881062677104824e+00 nan 3.122101560321306479e+00 nan
1.637274581438863947e+02 1.208204499132353504e+00 nan 3.121078865191682539e+00 nan
1.755595867107565198e+02 1.209392157950015756e+00 nan 3.120233358505891452e+00 nan
1.882467903396233453e+02 1.209040326673374688e+00 nan 3.118997528467057023e+00 nan
2.018508629298276560e+02 1.209559185161491968e+00 nan 3.116764299633866031e+00 nan
2.164380640541528180e+02 1.209117876443274620e+00 nan 3.114809754415304610e+00 nan
2.320794416806390643e+02 1.210557493943527518e+00 nan 3.112399993980306867e+00 nan
2.488511782166056605e+02 1.208514840489838704e+00 nan 3.111400905775637327e+00 nan
2.668349615603156053e+02 1.210980859751865646e+00 nan 3.108211949006872032e+00 nan
2.861183829675109678e+02 1.209974570153194762e+00 nan 3.106083632778543269e+00 nan
3.067953636706587304e+02 1.209252528134812099e+00 nan 3.103693447791597393e+00 nan
3.289666123287840946e+02 1.209669922852265378e+00 nan 3.101162805806505496e+00 nan
3.527401155359322047e+02 1.209138482288791394e+00 nan 3.097813955841797195e+00 nan
3.782316637773144521e+02 1.211391969022430404e+00 nan 3.095960290691955663e+00 nan
4.055654153948435692e+02 1.211704244353221327e+00 nan 3.091529208380499938e+00 nan
4.348745013088916380e+02 1.210658498850177622e+00 nan 3.087753669561811520e+00 nan
4.663016734416099212e+02 1.212488762214773974e+00 nan 3.083774828437756632e+00 nan
4.999999999999999432e+02 1.212451336834716509e+00 nan 3.079655430726441878e+00 nan
5.361336110051614696e+02 1.213978597123969161e+00 nan 3.076092321166313148e+00 nan
5.748784976988677045e+02 1.215864095068477368e+00 nan 3.070618425677569263e+00 nan
6.164233697210328273e+02 1.216719662319462714e+00 nan 3.065149756065706832e+00 nan
6.609705742330143039e+02 1.217793543644271947e+00 nan 3.059453305591882000e+00 nan
7.087370814634023191e+02 1.219623845049637056e+00 nan 3.053667000998176562e+00 nan
7.599555414764664647e+02 1.218185629764573452e+00 nan 3.047182385249916692e+00 nan
8.148754173103216090e+02 1.222877404410588120e+00 nan 3.039908638855040479e+00 nan
8.737642000038413244e+02 1.225018425712653736e+00 nan 3.033372500824688345e+00 nan
9.369087114301913743e+02 1.227089419264874026e+00 nan 3.024607653642458871e+00 nan
1.004616501282522790e+03 1.227620090477187009e+00 nan 3.016191259613632880e+00 nan
1.077217345015942101e+03 1.231154200043696800e+00 nan 3.005906411002389866e+00 nan
1.155064850041580030e+03 1.235543657100654613e+00 nan 2.996372492090335626e+00 nan
1.238538177995855449e+03 1.239084452388242052e+00 nan 2.985359914559552408e+00 nan
1.328043891473343137e+03 1.243819083854744489e+00 nan 2.973301762081595356e+00 nan
1.424017934217900802e+03 1.249965530487956000e+00 nan 2.959335490374236599e+00 nan
1.526927754416707558e+03 1.254017418257179273e+00 nan 2.945057832110464346e+00 nan
1.637274581438864061e+03 1.262412920935222838e+00 nan 2.930337317443635570e+00 nan
1.755595867107565255e+03 1.269666939745083045e+00 nan 2.912501031917441807e+00 nan
1.882467903396233396e+03 1.277856373590436467e+00 nan 2.894704326789802273e+00 nan
2.018508629298278720e+03 1.289758713157842518e+00 nan 2.874163772952842422e+00 nan
2.164380640541530283e+03 1.300966344829920907e+00 nan 2.851961896796231244e+00 nan
2.320794416806390927e+03 1.314102633233155792e+00 nan 2.826277795408913107e+00 nan
2.488511782166056491e+03 1.332985303586201375e+00 nan 2.797891464862978239e+00 nan
2.668349615603156053e+03 1.351557390288453009e+00 nan 2.767416667604260638e+00 nan
2.861183829675109791e+03 1.370951934363011659e+00 nan 2.732017295044567362e+00 nan
3.067953636706587531e+03 1.397143999633273515e+00 nan 2.692452597946507709e+00 nan
3.289666123287840946e+03 1.427518554430174724e+00 nan 2.649094295164237778e+00 nan
3.527401155359322274e+03 1.456419838629669838e+00 nan 2.595966271482190280e+00 nan
3.782316637773144976e+03 1.491990316201838196e+00 nan 2.536570331888879259e+00 nan
4.055654153948435578e+03 1.534024467768047240e+00 nan 2.465918311534723628e+00 nan
4.348745013088916494e+03 1.574619691007573818e+00 nan 2.383649538223950870e+00 nan
4.663016734416099098e+03 1.617148817828854002e+00 nan 2.286071730383564038e+00 nan
4.999999999999999091e+03 1.650984254650865068e+00 nan 2.171417957046043234e+00 nan
5.361336110051614924e+03 1.670356151410376189e+00 nan 2.038215209386481597e+00 nan
5.748784976988677045e+03 1.666093785367531055e+00 nan 1.884782514865646519e+00 nan
6.164233697210328501e+03 1.622927419421673179e+00 nan 1.717288337343622295e+00 nan
6.609705742330143039e+03 1.540490669859081674e+00 nan 1.538328890809666838e+00 nan
7.087370814634023191e+03 1.410075231588326927e+00 nan 1.359632076867546502e+00 nan
7.599555414764664420e+03 1.256784244428112984e+00 nan 1.192278994533023884e+00 nan
8.148754173103224275e+03 1.097671202112180167e+00 nan 1.040407577471139433e+00 nan
8.737642000038422339e+03 9.418079682925961649e-01 nan 9.080128814893226874e-01 nan
9.369087114301923066e+03 8.019586359947196152e-01 nan 7.929495541650659618e-01 nan
1.004616501282522768e+04 6.788706933089939666e-01 nan 6.973216679344296232e-01 nan
1.077217345015943101e+04 5.744107385786003661e-01 nan 6.128941218693677584e-01 nan
1.155064850041578939e+04 4.863681636794501273e-01 nan 5.410172891902127468e-01 nan
1.238538177995856859e+04 4.146422226986118953e-01 nan 4.736349146324818626e-01 nan
1.328043891473341864e+04 3.500009563300855997e-01 nan 4.230923261211079200e-01 nan
1.424017934217902257e+04 2.989486117213853711e-01 nan 3.789706447923464339e-01 nan
1.526927754416706011e+04 2.555698877272997716e-01 nan 3.313283470045651491e-01 nan
1.637274581438865607e+04 2.193886120554231489e-01 nan 2.933173068056951216e-01 nan
1.755595867107563390e+04 1.876723534823847295e-01 nan 2.560031128175621618e-01 nan
1.882467903396235488e+04 1.617266995973368204e-01 nan 2.329578789493558233e-01 nan
2.018508629298274536e+04 1.381958840470746130e-01 nan 1.986206511594348356e-01 nan
2.164380640541530374e+04 1.200261359391692900e-01 nan 1.674222220806793615e-01 nan
2.320794416806390655e+04 1.037782990903815261e-01 nan 1.255729786354411459e-01 nan
2.488511782166056582e+04 8.777491655721057773e-02 nan 1.267968058995303515e-01 nan
2.668349615603156053e+04 7.689263386359128372e-02 nan 6.709815515327655078e-02 nan
2.861183829675109519e+04 6.728517108890123832e-02 nan 8.947345233392889341e-02 nan
3.067953636706587349e+04 5.688843000944373424e-02 nan 6.682403234484102228e-02 nan
3.289666123287841037e+04 5.057425012150621596e-02 nan 5.161888919154122846e-02 nan
3.527401155359322001e+04 4.549700053247737047e-02 nan 1.221805811589904422e-02 nan
3.782316637773144612e+04 3.913717125923734524e-02 nan 9.112167334944132335e-03 nan
4.055654153948435851e+04 3.226225159419929961e-02 nan -6.166948252353199322e-02 nan
4.348745013088916312e+04 2.916645245329010580e-02 nan -8.690320786204797088e-03 nan
4.663016734416098916e+04 2.459873235040174397e-02 nan -5.304781618036136237e-02 nan
4.999999999999999272e+04 2.151224436904951298e-02 nan -3.764160260813298464e-02 nan
