4.999999999999999289e+01 1.194813567770693474e+00 1.193954908646934099e+00 3.136488524058336225e+00 3.134427092303347706e+00
5.361336110051615123e+01 1.195517766618396704e+00 1.194238264418241213e+00 3.134424857158670363e+00 3.134941225734943160e+00
5.748784976988677187e+01 1.194881440419264473e+00 1.195940057349075492e+00 3.135225982023728264e+00 3.134018490956728797e+00
6.164233697210328700e+01 1.195985689639695870e+00 1.195169395697776693e+00 3.133493762306992281e+00 3.134383065691737968e+00
6.609705742330142186e+01 1.196135761712175061e+00 1.196118787762697533e+00 3.133248022552170831e+00 3.133974194704843619e+00
7.087370814634026317e+01 1.197125927703009074e+00 1.195224697512850653e+00 3.133306976605917171e+00 3.132273853132450547e+00
7.599555414764668626e+01 1.195776539621426826e+00 1.196297898881925281e+00 3.132789152784265951e+00 3.132151168096972249e+00
8.148754173103220921e+01 1.195354516097475450e+00 1.195623012305347066e+00 3.130795215982603352e+00 3.131578083737637463e+00
8.737642000038418644e+01 1.196165087885691314e+00 1.196085342313752742e+00 3.130708980224214066e+00 3.131089046904904194e+00
9.369087114301918007e+01 1.197243437045282022e+00 1.195310104185706601e+00 3.130802255870838380e+00 3.131178643274991735e+00
1.004616501282523870e+02 1.195732513760620508e+00 1.197865167375320672e+00 3.129875973248227972e+00 3.129343884594812053e+00
1.077217345015942129e+02 1.196303887582820469e+00 1.195701200955246568e+00 3.129050557266847221e+00 3.128044027166193786e+00
1.155064850041580087e+02 1.197375579922011379e+00 1.197797047630177136e+00 3.127060198235298571e+00 3.127516922538367439e+00
1.238538177995855563e+02 1.196585128445960988e+00 1.195693056076255978e+00 3.126604538904854458e+00 3.127411818563498258e+00
1.328043891473343194e+02 1.195936593858953456e+00 1.195748314883272823e+00 3.125450786198701536e+00 3.125343183803975577e+00
1.424017934217900745e+02 1.196926634500755871e+00 1.196042249415439240e+00 3.123591758155850329e+00 3.123721267739318463e+00
1.526927754416707614e+02 1.196118663896472478e+00 1.195560256598382720e+00 3.122503772345864625e+00 3.123557488979581187e+00
1.637274581438863947e+02 1.197019010843939135e+00 1.195727208465214630e+00 3.121276478819821065e+00 3.121802676061825821e+00
1.755595867107565198e+02 1.195474265791999002e+00 1.196847782971667273e+00 3.119592840667097633e+00 3.120102901604791867e+00
1.882467903396233453e+02 1.197202214962961531e+00 1.196646732828361870e+00 3.117355222105203438e+00 3.119242812585732771e+00
2.018508629298276560e+02 1.196469899054189101e+00 1.196972551864079470e+00 3.117379445470088051e+00 3.115909865808534462e+00
2.164380640541528180e+02 1.196063778209006445e+00 1.196804104937049029e+00 3.114269871500136233e+00 3.117003250576916962e+00
2.320794416806390643e+02 1.197387009013157533e+00 1.196489263580186924e+00 3.113687155538931606e+00 3.113338625994306774e+00
2.488511782166056605e+02 1.197503971421589375e+00 1.197996778246379401e+00 3.111477862848121667e+00 3.111995471916250366e+00
2.668349615603156053e+02 1.197805537484091021e+00 1.197561501802441031e+00 3.108663536728629495e+00 3.109045082002904081e+00
2.861183829675109678e+02 1.197036428866411706e+00 1.197897444164062408e+00 3.106114922520892385e+00 3.106228987647208228e+00
3.067953636706587304e+02 1.197148683029791716e+00 1.198243618341674699e+00 3.103642302180182000e+00 3.104191864290976710e+00
3.289666123287840946e+02 1.198178436208812148e+00 1.196396975626988324e+00 3.101163209162063339e+00 3.101615066211937055e+00
3.527401155359322047e+02 1.199336047533106964e+00 1.199026610420246497e+00 3.099098812878387399e+00 3.097997305054551731e+00
3.782316637773144521e+02 1.199989007506621963e+00 1.198397618026283196e+00 3.095690262660390601e+00 3.095235320658673572e+00
4.055654153948435692e+02 1.199120700204561851e+00 1.199071564941566193e+00 3.091976241869447861e+00 3.092936194474019018e+00
4.348745013088916380e+02 1.199316093243237624e+00 1.198275898060565448e+00 3.088373734476586918e+00 3.087712107145767604e+00
4.663016734416099212e+02 1.201083757133204477e+00 1.200617763497595858e+00 3.085346022700944602e+00 3.085307352818814408e+00
4.999999999999999432e+02 1.201169819754456247e+00 1.200827650342424890e+00 3.080191271005816134e+00 3.080334368829934277e+00
5.361336110051614696e+02 1.201290414883642965e+00 1.201348664602607474e+00 3.076166308182966880e+00 3.075243911775991990e+00
5.748784976988677045e+02 1.201902339620647409e+00 1.202956304676314536e+00 3.070376628721081858e+00 3.069669428542284528e+00
6.164233697210328273e+02 1.204056630707424747e+00 1.203879028890722847e+00 3.066187406724480979e+00 3.065449209474430781e+00
6.609705742330143039e+02 1.202906734926381116e+00 1.203838334877396665e+00 3.059748783270114458e+00 3.061828247228615574e+00
7.087370814634023191e+02 1.205392851941005317e+00 1.204125050617580905e+00 3.055071846847877026e+00 3.054362904867724993e+00
7.599555414764664647e+02 1.207582069209370390e+00 1.205605682403922740e+00 3.048361424950250864e+00 3.048289329727768227e+00
8.148754173103216090e+02 1.208472494974181188e+00 1.209136723661794921e+00 3.041550985610966151e+00 3.040185653031338475e+00
8.737642000038413244e+02 1.211099901600230622e+00 1.210614420553236759e+00 3.032808512846256299e+00 3.034351388063054600e+00
9.369087114301913743e+02 1.214565336845625287e+00 1.212583516706653208e+00 3.026628715416117998e+00 3.025217566936932556e+00
1.004616501282522790e+03 1.214753175962147713e+00 1.215602069831988485e+00 3.016363201203565936e+00 3.016366073700508466e+00
1.077217345015942101e+03 1.217427816334966995e+00 1.218989946619700060e+00 3.008314809978775983e+00 3.008979505295002355e+00
1.155064850041580030e+03 1.222429015490589688e+00 1.220498321742732095e+00 2.997115052440912031e+00 2.996360341921361581e+00
1.238538177995855449e+03 1.223569631291569149e+00 1.223952946990762847e+00 2.986699973453282198e+00 2.986617744384991724e+00
1.328043891473343137e+03 1.230843321035236970e+00 1.229990154087411636e+00 2.975547867296752358e+00 2.974507131123701242e+00
1.424017934217900802e+03 1.234568139382524965e+00 1.235901373623005339e+00 2.961971175817248003e+00 2.960706427322497447e+00
1.526927754416707558e+03 1.240051093508500735e+00 1.240629661228228819e+00 2.946687685415634306e+00 2.947116294442468032e+00
1.637274581438864061e+03 1.247461333406269191e+00 1.249165082780916425e+00 2.932384987154583733e+00 2.933571683572755440e+00
1.755595867107565255e+03 1.255285997697061395e+00 1.255308116927772222e+00 2.914964796983859685e+00 2.914521702413397364e+00
1.882467903396233396e+03 1.263530749197607994e+00 1.266125970141081414e+00 2.897361132644292070e+00 2.897894627323421624e+00
2.018508629298278720e+03 1.275827055746335592e+00 1.275499675087811591e+00 2.876496441473070043e+00 2.877323526974818080e+00
2.164380640541530283e+03 1.285575268805106530e+00 1.284867501356385278e+00 2.855901579665705015e+00 2.855399066944203312e+00
2.320794416806390927e+03 1.300732476912806357e+00 1.299654467768042831e+00 2.831030473537021308e+00 2.831142009300470441e+00
2.488511782166056491e+03 1.316448829239217577e+00 1.316681747219018872e+00 2.803023265453834512e+00 2.803551037727674000e+00
2.668349615603156053e+03 1.333669205949892023e+00 1.337011083352657614e+00 2.773912847212479882e+00 2.772616905460770553e+00
2.861183829675109791e+03 1.356721642185099608e+00 1.356724369391584473e+00 2.739080655994850844e+00 2.737331240644042651e+00
3.067953636706587531e+03 1.382073037437716589e+00 1.384728214992881012e+00 2.699502645861992178e+00 2.698354665021742704e+00
3.289666123287840946e+03 1.409634099371802174e+00 1.410616663231766932e+00 2.654234687895922207e+00 2.654364250094472411e+00
3.527401155359322274e+03 1.441948930667930062e+00 1.444469565786268284e+00 2.601823201545984787e+00 2.603897424088046364e+00
3.782316637773144976e+03 1.478107810877600237e+00 1.478586147187880062e+00 2.543763187117886737e+00 2.544701682851431279e+00
4.055654153948435578e+03 1.516250588230165786e+00 1.516365695525191182e+00 2.475073184022738459e+00 2.472593698358493519e+00
4.348745013088916494e+03 1.558616084119985645e+00 1.560894019381347642e+00 2.392902943117544368e+00 2.394590970579975497e+00
4.663016734416099098e+03 1.601454242993257893e+00 1.600560763946483611e+00 2.295409365359405207e+00 2.297041637037189332e+00
4.999999999999999091e+03 1.638385364439988834e+00 1.638784242239773148e+00 2.183343954850070823e+00 2.183915930030494224e+00
5.361336110051614924e+03 1.659046114324542964e+00 1.656558049193242121e+00 2.052253536809074852e+00 2.052556601762581145e+00
5.748784976988677045e+03 1.657394211245890592e+00 1.658232295284066460e+00 1.901975053665213800e+00 1.903488164440357622e+00
6.164233697210328501e+03 1.616010499255299937e+00 1.619608746394711529e+00 1.733938149146000640e+00 1.734138110570803804e+00
6.609705742330143039e+03 1.535947524884640147e+00 1.536811084054417353e+00 1.555816396832216952e+00 1.555287288743569363e+00
7.087370814634023191e+03 1.415601502429074454e+00 1.414692828891875420e+00 1.377213804737190905e+00 1.376432255484081324e+00
7.599555414764664420e+03 1.264919887679099464e+00 1.266214132954137206e+00 1.212422808046740741e+00 1.206259355074539741e+00
8.148754173103224275e+03 1.103819356628105819e+00 1.104609697192172391e+00 1.054179251621605751e+00 1.053278269886143370e+00
8.737642000038422339e+03 9.491364810187502554e-01 9.475560180830467916e-01 9.180201109243544266e-01 9.167722974354184373e-01
9.369087114301923066e+03 8.064511547940741432e-01 8.073164320764460999e-01 8.011396690795371534e-01 8.007673657058766992e-01
1.004616501282522768e+04 6.862239180982165898e-01 6.866084339011067073e-01 7.025251304782793582e-01 7.013061484565383807e-01
1.077217345015943101e+04 5.788768771856037665e-01 5.804355413488312410e-01 6.139283462287274951e-01 6.172118970927273907e-01
1.155064850041578939e+04 4.906272220152614327e-01 4.890893552700183999e-01 5.429028650161251690e-01 5.422135635254861086e-01
1.238538177995856859e+04 4.174347953263782274e-01 4.162553400738081555e-01 4.854632475536773129e-01 4.843039965771245292e-01
1.328043891473341864e+04 3.546189699935834438e-01 3.539689938368321687e-01 4.277621624045355730e-01 4.268521494709323072e-01
1.424017934217902257e+04 3.028139069961907071e-01 3.015130306365241819e-01 3.757348199772563291e-01 3.748253222740052237e-01
1.526927754416706011e+04 2.585407754738107688e-01 2.564844514206445214e-01 3.346813276474582821e-01 3.352868063371574614e-01
1.637274581438865607e+04 2.219395893756719029e-01 2.217267100153315629e-01 2.945985881718389265e-01 3.010723568979125631e-01
1.755595867107563390e+04 1.897222953396443534e-01 1.903136193664019815e-01 2.671667476887726878e-01 2.627632874750478464e-01
1.882467903396235488e+04 1.632699306496899483e-01 1.632129671061294529e-01 2.181813213533638773e-01 2.309008964108421047e-01
2.018508629298274536e+04 1.407381777641534826e-01 1.420572919699565340e-01 2.078555047099293063e-01 1.913436122760590052e-01
2.164380640541530374e+04 1.217732059133544431e-01 1.212764473832548540e-01 1.699516462939207884e-01 1.791048023832426672e-01
2.320794416806390655e+04 1.047722028879439909e-01 1.046480505212767642e-01 1.536642012034312721e-01 1.385869739309546489e-01
2.488511782166056582e+04 9.147280170842587987e-02 9.257831007670941359e-02 1.028144239265396109e-01 1.300132497999904047e-01
2.668349615603156053e+04 7.753369566540009583e-02 7.929547970045994210e-02 1.062058321744201450e-01 1.067183698970617378e-01
2.861183829675109519e+04 6.732053033888753257e-02 6.784487277912028269e-02 7.765214044384416425e-02 6.578373527218950301e-02
3.067953636706587349e+04 6.054917816354005861e-02 6.105847386533829607e-02 5.597835259564698518e-02 4.811808900762137853e-02
3.289666123287841037e+04 4.989967897658441343e-02 5.014940841999358107e-02 4.886909026244312670e-02 3.643372574670911135e-02
3.527401155359322001e+04 4.291981868706535447e-02 4.480077655222435007e-02 7.007479292523655090e-03 -1.516596362768840578e-02
3.782316637773144612e+04 3.447051176875472883e-02 3.813709978616347529e-02 -3.237476927555160700e-03 -1.548472200983663782e-02
4.055654153948435851e+04 3.627577264788563183e-02 3.199979540074134043e-02 -1.085498994333544687e-02 2.806297002262425622e-03
4.348745013088916312e+04 2.984446701843731370e-02 2.998897215558701812e-02 -3.181939941879718958e-02 -3.618197687861934853e-02
4.663016734416098916e+04 2.735960611273665494e-02 2.532597860895322364e-02 8.131853138788036617e-02 -9.492237666858738265e-02
4.999999999999999272e+04 2.278915040076451640e-02 2.170122729693253066e-02 -2.218265698652643891e-02 -1.047567325514333625e-01
