4.999999999999999289e+01 1.197246563666080732e+00 nan 3.135428319800519503e+00 nan
5.361336110051615123e+01 1.196886647730609488e+00 nan 3.134956794375712619e+00 nan
5.748784976988677187e+01 1.197886644872748096e+00 nan 3.134265433225456476e+00 nan
6.164233697210328700e+01 1.196777848534672284e+00 nan 3.133988012595004591e+00 nan
6.609705742330142186e+01 1.196320427954855381e+00 nan 3.134157464511261537e+00 nan
7.087370814634026317e+01 1.197528409729561982e+00 nan 3.132766269153634653e+00 nan
7.599555414764668626e+01 1.196604958289432918e+00 nan 3.131895344550507332e+00 nan
8.148754173103220921e+01 1.196403179820916263e+00 nan 3.131667299977046959e+00 nan
8.737642000038418644e+01 1.195599044972452285e+00 nan 3.130707270029932765e+00 nan
9.369087114301918007e+01 1.196311248164688701e+00 nan 3.129951101432067340e+00 nan
1.004616501282523870e+02 1.195596005040282517e+00 nan 3.129573490798206237e+00 nan
1.077217345015942129e+02 1.196903630412047281e+00 nan 3.127663209547437262e+00 nan
1.155064850041580087e+02 1.196760073670582791e+00 nan 3.127480118319221347e+00 nan
1.238538177995855563e+02 1.195699476315871923e+00 nan 3.125268089932307980e+00 nan
1.328043891473343194e+02 1.196689682530746479e+00 nan 3.123988724779543702e+00 nan
1.424017934217900745e+02 1.196305951853096072e+00 nan 3.125104117362730527e+00 nan
1.526927754416707614e+02 1.196645206192394673e+00 nan 3.123241435250577958e+00 nan
1.637274581438863947e+02 1.196289718180761241e+00 nan 3.122723550872333220e+00 nan
1.755595867107565198e+02 1.197147941316082598e+00 nan 3.119325001631538363e+00 nan
1.882467903396233453e+02 1.196226855950393686e+00 nan 3.118916916888213819e+00 nan
2.018508629298276560e+02 1.196894435609127783e+00 nan 3.116743614827548470e+00 nan
2.164380640541528180e+02 1.195890911800787659e+00 nan 3.115491113189334804e+00 nan
2.320794416806390643e+02 1.197458020387258681e+00 nan 3.113249108897045758e+00 nan
2.488511782166056605e+02 1.197462964619836034e+00 nan 3.110080542031933959e+00 nan
2.668349615603156053e+02 1.196485993153287852e+00 nan 3.108902901504250416e+00 nan
2.861183829675109678e+02 1.197640620838325898e+00 nan 3.106925527613466187e+00 nan
3.067953636706587304e+02 1.198189652949795736e+00 nan 3.103712100078869440e+00 nan
3.289666123287840946e+02 1.197281561656875715e+00 nan 3.100810129443194896e+00 nan
3.527401155359322047e+02 1.199847119160887265e+00 nan 3.098080673568173182e+00 nan
3.782316637773144521e+02 1.198297176639146144e+00 nan 3.094882031799457422e+00 nan
4.055654153948435692e+02 1.199548374215955171e+00 nan 3.090986699194836262e+00 nan
4.348745013088916380e+02 1.200609924047448596e+00 nan 3.088047499902586424e+00 nan
4.663016734416099212e+02 1.199276933136396384e+00 nan 3.084568002349181270e+00 nan
4.999999999999999432e+02 1.201863892700800518e+00 nan 3.080237275451669809e+00 nan
5.361336110051614696e+02 1.203063277376560825e+00 nan 3.074540414104179220e+00 nan
5.748784976988677045e+02 1.202914142711721590e+00 nan 3.070268286581724126e+00 nan
6.164233697210328273e+02 1.202940348467064879e+00 nan 3.064830630620974716e+00 nan
6.609705742330143039e+02 1.205555950955087496e+00 nan 3.059936910876349003e+00 nan
7.087370814634023191e+02 1.206293161165088224e+00 nan 3.052967970258171349e+00 nan
7.599555414764664647e+02 1.208872740712904070e+00 nan 3.047946118629386802e+00 nan
8.148754173103216090e+02 1.209783422873465630e+00 nan 3.041293163525562449e+00 nan
8.737642000038413244e+02 1.212383510852780955e+00 nan 3.032614680705012944e+00 nan
9.369087114301913743e+02 1.213390826470287731e+00 nan 3.024785666416304863e+00 nan
1.004616501282522790e+03 1.214407197794952209e+00 nan 3.016970699327790051e+00 nan
1.077217345015942101e+03 1.218660703785446886e+00 nan 3.006325768889641203e+00 nan
1.155064850041580030e+03 1.221352792116064512e+00 nan 2.997526736567627914e+00 nan
1.238538177995855449e+03 1.226113252072692505e+00 nan 2.985092416471188947e+00 nan
1.328043891473343137e+03 1.231245348321151178e+00 nan 2.973455291730199512e+00 nan
1.424017934217900802e+03 1.235858458249508018e+00 nan 2.961182333525409049e+00 nan
1.526927754416707558e+03 1.238898778111118482e+00 nan 2.945079259194329779e+00 nan
1.637274581438864061e+03 1.248492655939245521e+00 nan 2.930659212384799872e+00 nan
1.755595867107565255e+03 1.255807828836787321e+00 nan 2.915736746440413363e+00 nan
1.882467903396233396e+03 1.264601711822774366e+00 nan 2.897517235198641572e+00 nan
2.018508629298278720e+03 1.274905888048601277e+00 nan 2.876085779001912535e+00 nan
2.164380640541530283e+03 1.286614900949039519e+00 nan 2.853730387267429336e+00 nan
2.320794416806390927e+03 1.303500627986881488e+00 nan 2.830451726497041243e+00 nan
2.488511782166056491e+03 1.318670843770342271e+00 nan 2.802292446425871830e+00 nan
2.668349615603156053e+03 1.339242422274516064e+00 nan 2.770424776382727217e+00 nan
2.861183829675109791e+03 1.359825485034689141e+00 nan 2.736615021538476356e+00 nan
3.067953636706587531e+03 1.384081395538768078e+00 nan 2.697152941079600907e+00 nan
3.289666123287840946e+03 1.412795577800366909e+00 nan 2.651400408364111172e+00 nan
3.527401155359322274e+03 1.445763829804946443e+00 nan 2.599797843034708400e+00 nan
3.782316637773144976e+03 1.481812303748377690e+00 nan 2.541064472603793867e+00 nan
4.055654153948435578e+03 1.519909264667386184e+00 nan 2.469843432148702611e+00 nan
4.348745013088916494e+03 1.563623044819149710e+00 nan 2.389321465560878543e+00 nan
4.663016734416099098e+03 1.603932812997772572e+00 nan 2.292213883759585791e+00 nan
4.999999999999999091e+03 1.638412478398160399e+00 nan 2.179478397091279440e+00 nan
5.361336110051614924e+03 1.662738475135461469e+00 nan 2.044860704398410611e+00 nan
5.748784976988677045e+03 1.659734231722128195e+00 nan 1.892895075724234211e+00 nan
6.164233697210328501e+03 1.617272798420978042e+00 nan 1.726557836037686755e+00 nan
6.609705742330143039e+03 1.534569259762590399e+00 nan 1.547150886342055109e+00 nan
7.087370814634023191e+03 1.409436464697536140e+00 nan 1.369623517472984275e+00 nan
7.599555414764664420e+03 1.257974485456258895e+00 nan 1.199121199586508091e+00 nan
8.148754173103224275e+03 1.098018793638014134e+00 nan 1.045990448044121557e+00 nan
8.737642000038422339e+03 9.417491417815823107e-01 nan 9.099477402048190555e-01 nan
9.369087114301923066e+03 8.001615047963880345e-01 nan 7.970608248841788424e-01 nan
1.004616501282522768e+04 6.785418229008614022e-01 nan 6.967996561628564400e-01 nan
1.077217345015943101e+04 5.735208201655768168e-01 nan 6.134607974386252494e-01 nan
1.155064850041578939e+04 4.868004523738503342e-01 nan 5.430992208588536485e-01 nan
1.238538177995856859e+04 4.128061069869071731e-01 nan 4.791849130906968846e-01 nan
1.328043891473341864e+04 3.508210609994920071e-01 nan 4.256451681934398934e-01 nan
1.424017934217902257e+04 2.983815714182783130e-01 nan 3.802097771224222100e-01 nan
1.526927754416706011e+04 2.553496724834952714e-01 nan 3.326240587648969793e-01 nan
1.637274581438865607e+04 2.186906429031589827e-01 nan 2.940652765861271334e-01 nan
1.755595867107563390e+04 1.876464725558674718e-01 nan 2.556938045137635562e-01 nan
1.882467903396235488e+04 1.607518141124025524e-01 nan 2.305724962650437249e-01 nan
2.018508629298274536e+04 1.401620212251411812e-01 nan 1.909580413701621460e-01 nan
2.164380640541530374e+04 1.197390897665847886e-01 nan 1.678962531384340373e-01 nan
2.320794416806390655e+04 1.044011920557508244e-01 nan 1.521804039189005309e-01 nan
2.488511782166056582e+04 8.790086018520876232e-02 nan 1.360833446511922062e-01 nan
2.668349615603156053e+04 7.679467040794435428e-02 nan 1.045199533979879192e-01 nan
2.861183829675109519e+04 6.620549779853349137e-02 nan 7.255465748156897376e-02 nan
3.067953636706587349e+04 5.761854934502872588e-02 nan 6.699524180000260287e-02 nan
3.289666123287841037e+04 4.981388745812608682e-02 nan 4.029234856408825394e-02 nan
3.527401155359322001e+04 4.524815768661865495e-02 nan 2.463499735306307059e-02 nan
3.782316637773144612e+04 3.777543466969589259e-02 nan 1.268977533573689698e-03 nan
4.055654153948435851e+04 3.258141241753240158e-02 nan -2.858134297543601932e-02 nan
4.348745013088916312e+04 2.858376591042711967e-02 nan -2.755494213450671026e-02 nan
4.663016734416098916e+04 2.712463895171574740e-02 nan -6.328478603155529569e-02 nan
4.999999999999999272e+04 2.396152534676944043e-02 nan -8.014496399106763036e-02 nan
