# Acquisizione Analog Discovery 2
# Timestamp 2025-02-25 12:16:07
# time	ch1	ch2
-1.000000000000000021e-02	-1.466859409539728043e-01	1.091868170742701594e+00
-9.900000000000000813e-03	-1.022275276801127702e-01	1.047558815715397884e+00
-9.799999999999999684e-03	-6.652607459655847377e-02	1.000205306525912885e+00
-9.700000000000000289e-03	-2.442530445085765861e-02	9.538665153904883898e-01
-9.600000000000000894e-03	1.363379176085587584e-02	9.048218094442361803e-01
-9.499999999999999764e-03	5.304011261723183546e-02	8.584830183088115740e-01
-9.400000000000000369e-03	9.547768892409824737e-02	8.087618336598524360e-01
-9.300000000000000974e-03	1.338735912969774011e-01	7.559964948487120084e-01
-9.199999999999999845e-03	1.739535244756845733e-01	7.042458740916320847e-01
-9.100000000000000450e-03	2.153806822990541880e-01	6.467451843615432683e-01
-9.000000000000001055e-03	2.554606154777613325e-01	5.855238617665662337e-01
-8.899999999999999925e-03	2.952037424953029010e-01	5.134788799282784533e-01
-8.800000000000000530e-03	3.346100633516788658e-01	4.143747499817135305e-01
-8.700000000000001135e-03	3.804157012702013563e-01	5.516455884433492385e-02
-8.600000000000000006e-03	4.114018680974371733e-01	-1.670194372409684158e+00
-8.500000000000000611e-03	4.538394444043035714e-01	-1.372881982569989390e+00
-8.400000000000001216e-03	4.945929899053420065e-01	-1.454735905597527745e+00
-8.300000000000000086e-03	5.336625046005523121e-01	-1.504795329597840237e+00
-8.200000000000000691e-03	5.757632747462531064e-01	-1.544369333706195668e+00
-8.099999999999999561e-03	6.158432079249602786e-01	-1.587325731328085521e+00
-8.000000000000000167e-03	6.552495287813362435e-01	-1.631296847004035877e+00
-7.900000000000000772e-03	6.953294619600434157e-01	-1.673576765923218801e+00
-7.800000000000000509e-03	7.327149458494257583e-01	-1.715856684842401725e+00
-7.700000000000000247e-03	7.738052975116297416e-01	-1.757798364410231295e+00
-7.599999999999999985e-03	8.132116183680057064e-01	-1.799401804626707291e+00
-7.500000000000000590e-03	8.536283577078784823e-01	-1.842358202248597143e+00
-7.400000000000000328e-03	8.926978724030888435e-01	-1.884638121167780289e+00
-7.300000000000000065e-03	9.331146117429616194e-01	-1.926241561384256284e+00
-7.200000000000000670e-03	9.758889942109937321e-01	-1.968859719654792784e+00
-7.100000000000000408e-03	9.772362188556561469e-01	-1.997271825168483561e+00
-7.000000000000000146e-03	9.361458671934521636e-01	-1.944506486357343356e+00
-6.900000000000000751e-03	8.967395463370761988e-01	-1.903579524843574289e+00
-6.800000000000000488e-03	8.539651638690440860e-01	-1.861637845275744718e+00
-6.700000000000000226e-03	8.189373231078210802e-01	-1.818681447653854866e+00
-6.599999999999999964e-03	7.758261344786233638e-01	-1.776401528734671720e+00
-6.500000000000000569e-03	7.391142629115723395e-01	-1.733106891761428292e+00
-6.400000000000000307e-03	6.963398804435402267e-01	-1.692518169599012801e+00
-6.300000000000000044e-03	6.582807842318267877e-01	-1.649223532625769373e+00
-6.200000000000000649e-03	6.198848818589476339e-01	-1.606267135003879520e+00
-6.100000000000000387e-03	5.771104993909155212e-01	-1.564325455436049950e+00
-6.000000000000000125e-03	5.370305662122083490e-01	-1.522722015219573954e+00
-5.899999999999999863e-03	4.959402145500044212e-01	-1.476044984732795884e+00
-5.800000000000000468e-03	4.585547306606220785e-01	-1.434441544516319889e+00
-5.700000000000000205e-03	4.171275728372524916e-01	-1.388440992732248747e+00
-5.599999999999999943e-03	3.777212519808765268e-01	-1.346499313164419176e+00
-5.500000000000000548e-03	3.369677064798381472e-01	-1.302866436839822395e+00
-5.400000000000000286e-03	2.978981917846277860e-01	-1.260248278569285896e+00
-5.300000000000000024e-03	2.554606154777613325e-01	-1.213909487433861401e+00
-5.200000000000000629e-03	2.184119377495446490e-01	-1.169600132406557691e+00
-5.100000000000000366e-03	1.779951984096718731e-01	-1.123599580622486549e+00
-5.000000000000000104e-03	1.372416529086334658e-01	-1.079966704297889768e+00
-4.899999999999999842e-03	9.918255669691992960e-02	-1.031598477054344487e+00
-4.800000000000000447e-03	5.775539887355032875e-02	-9.879656007297475950e-01
-4.700000000000000185e-03	1.801227185600876024e-02	-9.382444160807883460e-01
-4.599999999999999922e-03	-2.341488596736084060e-02	-8.919056249453638507e-01
-4.500000000000000527e-03	-6.113717601790877310e-02	-8.425226796477580660e-01
-4.400000000000000265e-03	-1.029011400024439776e-01	-7.934779737015058565e-01
-4.300000000000000003e-03	-1.419706546976543249e-01	-7.420655922957792860e-01
-4.200000000000000608e-03	-1.823873940375271008e-01	-6.886237747819320409e-01
-4.100000000000000346e-03	-2.211201025715718582e-01	-6.287554095923689745e-01
-4.000000000000000083e-03	-2.622104542337758692e-01	-5.675340869973919400e-01
-3.900000000000000255e-03	-3.033008058959798525e-01	-4.907537542401557706e-01
-3.799999999999999992e-03	-3.416967082688590063e-01	-3.747376567259176339e-01
-3.700000000000000164e-03	-3.915440201213687410e-01	3.027557640350704293e-01
-3.600000000000000335e-03	-4.171412883699548435e-01	1.508917290961522495e+00
-3.500000000000000073e-03	-4.626101201273117303e-01	1.437887027177295218e+00
-3.400000000000000244e-03	-5.020164409836876951e-01	1.461902021123391071e+00
-3.299999999999999982e-03	-5.407491495177324525e-01	1.513990881231824570e+00
-3.200000000000000153e-03	-5.825131135022676432e-01	1.556270800151007494e+00
-3.100000000000000325e-03	-6.219194343586436080e-01	1.598212479718837065e+00
-3.000000000000000062e-03	-6.606521428926883654e-01	1.642860074097494349e+00
-2.900000000000000234e-03	-7.017424945548923487e-01	1.686154711070737555e+00
-2.799999999999999972e-03	-7.384543661219434840e-01	1.727081672584506844e+00
-2.700000000000000143e-03	-7.819023609123066931e-01	1.770376309557750050e+00
-2.600000000000000314e-03	-8.182774263181922247e-01	1.812317989125579620e+00
-2.500000000000000052e-03	-8.627358395920522449e-01	1.853921429342055616e+00
-2.400000000000000223e-03	-9.024789666095938134e-01	1.897554305666652619e+00
-2.299999999999999961e-03	-9.381804196931481377e-01	1.938143027829068110e+00
-2.200000000000000133e-03	-9.775867405495241025e-01	1.980084707396897681e+00
-2.100000000000000304e-03	-9.839860576116705726e-01	2.007143855505174379e+00
-2.000000000000000042e-03	-9.445797367552946078e-01	1.955054995396741324e+00
-1.899999999999999996e-03	-9.055102220600842466e-01	1.914466273234325611e+00
-1.800000000000000168e-03	-8.674511258483706966e-01	1.870156918207021901e+00
-1.700000000000000122e-03	-8.250135495415042985e-01	1.829568196044606188e+00
-1.600000000000000077e-03	-7.849336163627971263e-01	1.788641234530837121e+00
-1.500000000000000031e-03	-7.448536831840899541e-01	1.745346597557593693e+00
-1.399999999999999986e-03	-7.051105561665483856e-01	1.702390199935703841e+00
-1.300000000000000157e-03	-6.636833983431787987e-01	1.660448520367874270e+00
-1.200000000000000112e-03	-6.249506898091340412e-01	1.617830362097337993e+00
-1.100000000000000066e-03	-5.835235319857644543e-01	1.575212203826801494e+00
-1.000000000000000021e-03	-5.447908234517196968e-01	1.531579327502204713e+00
-9.000000000000000838e-04	-5.047108902730125246e-01	1.488622929880314638e+00
-8.000000000000000383e-04	-4.673254063836301819e-01	1.446343010961131714e+00
-6.999999999999999929e-04	-4.262350547214261987e-01	1.402710134636534933e+00
-6.000000000000000559e-04	-3.851447030592222154e-01	1.358400779609231224e+00
-5.000000000000000104e-04	-3.440543513970182321e-01	1.316459100041401653e+00
-4.000000000000000192e-04	-3.046480305406422673e-01	1.268090872797856372e+00
-3.000000000000000279e-04	-2.692833836182536023e-01	1.229869826094914798e+00
-2.000000000000000096e-04	-2.275194196337183838e-01	1.182178077554076445e+00
-1.000000000000000048e-04	-1.871026802938455802e-01	1.136515765121358879e+00
0.000000000000000000e+00	-1.443282978258135785e-01	1.091529931391348240e+00
1.000000000000000048e-04	-1.059323954529344386e-01	1.045529379607277098e+00
2.000000000000000096e-04	-6.517884995189604513e-02	9.985141097691455636e-01
3.000000000000000279e-04	-2.610933525668569094e-02	9.504841218769537470e-01
4.000000000000000192e-04	1.599143488901512075e-02	9.054982881469431089e-01
5.000000000000000104e-04	5.539775574539108904e-02	8.567918215520442526e-01
6.000000000000000559e-04	9.446727044060143630e-02	8.084235943084989717e-01
6.999999999999999929e-04	1.331999789746461937e-01	7.570112129027724013e-01
8.000000000000000383e-04	1.766479737650094306e-01	7.032311560375716919e-01
9.000000000000000838e-04	2.147070699767229807e-01	6.467451843615432683e-01
1.000000000000000021e-03	2.537765846719333140e-01	5.855238617665662337e-01
1.100000000000000066e-03	2.941933240118060899e-01	5.128024012255715247e-01
1.200000000000000112e-03	3.329260325458508474e-01	4.123453138735927448e-01
1.300000000000000157e-03	3.794052827867045452e-01	5.956167041192995254e-02
1.399999999999999986e-03	4.127490927420995881e-01	-1.676620920085399868e+00
1.500000000000000031e-03	4.538394444043035714e-01	-1.372543743218636036e+00
1.600000000000000077e-03	4.945929899053420065e-01	-1.456088863002941602e+00
1.700000000000000122e-03	5.350097292452147268e-01	-1.504457090246486883e+00
1.800000000000000168e-03	5.734056316180938806e-01	-1.542339897598074883e+00
1.899999999999999996e-03	6.131487586356354491e-01	-1.589016928084852731e+00
2.000000000000000042e-03	6.565967534259986582e-01	-1.630282128949975373e+00
2.100000000000000304e-03	6.953294619600434157e-01	-1.674253244625925729e+00
2.200000000000000133e-03	7.327149458494257583e-01	-1.715518445491048372e+00
2.299999999999999961e-03	7.748157159951265527e-01	-1.757121885707524367e+00
2.400000000000000223e-03	8.138852306903369138e-01	-1.800416522680767795e+00
2.500000000000000052e-03	8.532915515467128786e-01	-1.842358202248597143e+00
2.600000000000000314e-03	8.913506477584264287e-01	-1.885314599870487218e+00
2.700000000000000143e-03	9.351354487099552415e-01	-1.928270997492377070e+00
2.799999999999999972e-03	9.765626065333249395e-01	-1.970550916411559994e+00
2.900000000000000234e-03	9.785834435003185616e-01	-1.995918867763069704e+00
3.000000000000000062e-03	9.381667041604457857e-01	-1.943830007654636427e+00
3.100000000000000325e-03	8.960659340147449914e-01	-1.902226567438160432e+00
3.200000000000000153e-03	8.549755823525408971e-01	-1.861637845275744718e+00
3.299999999999999982e-03	8.179269046243242691e-01	-1.820034405059268501e+00
3.400000000000000244e-03	7.761629406397889674e-01	-1.776739768086025295e+00
3.500000000000000073e-03	7.367566197834131136e-01	-1.733783370464135221e+00
3.600000000000000335e-03	6.960030742823746230e-01	-1.691503451544952297e+00
3.700000000000000164e-03	6.576071719094955803e-01	-1.649561771977122726e+00
3.799999999999999992e-03	6.185376572142852192e-01	-1.607281853057939802e+00
3.900000000000000255e-03	5.750896624239218990e-01	-1.565340173490110232e+00
4.000000000000000083e-03	5.380409846957052711e-01	-1.520354339760099593e+00
4.100000000000000346e-03	4.966138268723356286e-01	-1.478074420840916670e+00
4.200000000000000608e-03	4.568706998547940601e-01	-1.433088587110906031e+00
4.300000000000000003e-03	4.178011851595836990e-01	-1.388102753380895171e+00
4.400000000000000265e-03	3.777212519808765268e-01	-1.347852270569833033e+00
4.500000000000000527e-03	3.373045126410037509e-01	-1.303881154893882677e+00
4.599999999999999922e-03	2.955405486564685602e-01	-1.259233560515225614e+00
4.700000000000000185e-03	2.601759017340798397e-01	-1.214247726785214754e+00
4.800000000000000447e-03	2.180751315883790453e-01	-1.168585414352497187e+00
4.899999999999999842e-03	1.779951984096718731e-01	-1.125967256081960910e+00
5.000000000000000104e-03	1.342103974581430048e-01	-1.077937268189768982e+00
5.100000000000000366e-03	9.783533205225750096e-02	-1.035657349270586058e+00
5.200000000000000629e-03	5.640817422888790011e-02	-9.876273613783941308e-01
5.300000000000000024e-03	1.565462872784951359e-02	-9.419650489456764531e-01
5.400000000000000286e-03	-2.038363051687038310e-02	-8.915673855940103865e-01
5.500000000000000548e-03	-6.315801298490240911e-02	-8.418462009450511374e-01
5.599999999999999943e-03	-9.852265990729110190e-02	-7.971986065663939636e-01
5.700000000000000205e-03	-1.416338485364887212e-01	-7.420655922957792860e-01
5.800000000000000468e-03	-1.800297509093678472e-01	-6.876090567278716481e-01
5.899999999999999863e-03	-2.221305210550686693e-01	-6.304466063491362959e-01
6.000000000000000125e-03	-2.622104542337758692e-01	-5.665193689433315472e-01
6.100000000000000387e-03	-3.026271935736486451e-01	-4.917684722942161635e-01
6.200000000000000649e-03	-3.443911575581838358e-01	-3.757523747799780267e-01
6.300000000000000044e-03	-3.918808262825343447e-01	2.729907011159656838e-01
6.400000000000000307e-03	-4.181517068534516546e-01	1.524138061772428498e+00
6.500000000000000569e-03	-4.622733139661461266e-01	1.436872309123234714e+00
6.599999999999999964e-03	-5.026900533060189025e-01	1.462240260474744646e+00
6.700000000000000226e-03	-5.414227618400636599e-01	1.516020317339945356e+00
6.800000000000000488e-03	-5.798186642129428137e-01	1.556609039502361069e+00
6.900000000000000751e-03	-6.242770774868028338e-01	1.598550719070190418e+00
7.000000000000000146e-03	-6.619993675373507802e-01	1.641845356043433846e+00
7.100000000000000408e-03	-7.003952699102299340e-01	1.684801753665323698e+00
7.200000000000000670e-03	-7.414856215724339172e-01	1.726743433233153269e+00
7.300000000000000065e-03	-7.819023609123066931e-01	1.769699830855043121e+00
7.400000000000000328e-03	-8.236663248968418838e-01	1.812994467828286549e+00
7.500000000000000590e-03	-8.623990334308866412e-01	1.852906711287995334e+00
7.599999999999999985e-03	-9.011317419649313987e-01	1.895863108909885186e+00
7.700000000000000247e-03	-9.378436135319825340e-01	1.937466549126361182e+00
7.800000000000000509e-03	-9.802811898388489320e-01	1.981437664802311538e+00
7.900000000000000772e-03	-9.836492514505049689e-01	2.009173291613295387e+00
8.000000000000000167e-03	-9.452533490776258152e-01	1.954378516694034396e+00
8.099999999999999561e-03	-9.024789666095938134e-01	1.913789794531618682e+00
8.200000000000000691e-03	-8.640830642367146597e-01	1.872524593666496262e+00
8.300000000000000086e-03	-8.250135495415042985e-01	1.829568196044606188e+00
8.400000000000001216e-03	-7.842600040404659190e-01	1.787964755828130192e+00
8.500000000000000611e-03	-7.451904893452555578e-01	1.745346597557593693e+00
8.600000000000000006e-03	-7.054473623277139893e-01	1.703066678638410769e+00
8.700000000000001135e-03	-6.636833983431787987e-01	1.661124999070581199e+00
8.800000000000000530e-03	-6.215826281974780043e-01	1.619521558854105203e+00
8.899999999999999925e-03	-5.855443689527580764e-01	1.574535725124094565e+00
9.000000000000001055e-03	-5.447908234517196968e-01	1.531579327502204713e+00
9.100000000000000450e-03	-5.050476964341781283e-01	1.489975887285728495e+00
9.199999999999999845e-03	-4.649677632554709561e-01	1.444990053555717857e+00
9.300000000000000974e-03	-4.265718608825918023e-01	1.403724852690595215e+00
9.400000000000000369e-03	-3.854815092203878191e-01	1.358400779609231224e+00
9.499999999999999764e-03	-3.457383822028462506e-01	1.316120860690048078e+00
9.600000000000000894e-03	-3.049848367018078710e-01	1.269782069554623583e+00
9.700000000000000289e-03	-2.649049035231006988e-01	1.227840389986794012e+00
9.799999999999999684e-03	-2.244881641832279229e-01	1.182854556256783374e+00
9.900000000000000813e-03	-1.857554556491831654e-01	1.137868722526772736e+00
